sample_id	chrom	start	end	cn_a	cn_b
IM_3	1	840001	8490000	3	1
IM_3	1	8490001	8520000	3	2
IM_3	1	8520001	12060000	3	2
IM_3	1	12060001	12720000	3	2
IM_3	1	12720001	14730000	3	2
IM_3	1	14730001	15090000	3	2
IM_3	1	15090001	202110000	3	2
IM_3	1	202110001	221760000	3	1
IM_3	1	221760001	234990000	3	1
IM_3	1	234990001	235050000	3	1
IM_3	1	235050001	249210000	3	2
IM_3	2	30001	113820000	4	2
IM_3	2	113820001	114750000	5	2
IM_3	2	114750001	222780000	4	2
IM_3	2	222780001	240660000	2	2
IM_3	2	240660001	240870000	2	2
IM_3	2	240870001	243000000	2	1
IM_3	3	90001	510000	4	1
IM_3	3	510001	13830000	3	1
IM_3	3	13830001	14700000	4	1
IM_3	3	14700001	50250000	2	1
IM_3	3	50250001	50280000	2	2
IM_3	3	50280001	63270000	2	2
IM_3	3	63270001	63840000	4	2
IM_3	3	63840001	64800000	5	2
IM_3	3	64800001	83520000	4	2
IM_3	3	83520001	84150000	4	2
IM_3	3	84180001	86880000	5	2
IM_3	3	86880001	101520000	3	2
IM_3	3	101520001	101970000	4	2
IM_3	3	101970001	133950000	3	2
IM_3	3	133950001	133980000	3	3
IM_3	3	133980001	148890000	3	3
IM_3	3	148890001	148920000	5	3
IM_3	3	148920001	149670000	5	4
IM_3	3	149670001	149700000	5	4
IM_3	3	149700001	168570000	5	3
IM_3	3	168570001	168870000	7	3
IM_3	3	168870001	171780000	4	3
IM_3	3	171780001	172410000	6	3
IM_3	3	172410001	197820000	5	3
IM_3	4	90001	69180000	3	2
IM_3	4	69180001	70440000	4	2
IM_3	4	70440001	190800000	3	2
IM_3	5	60001	180690000	3	2
IM_3	6	210001	12780000	4	2
IM_3	6	12780001	12870000	4	2
IM_3	6	12870001	55860000	4	3
IM_3	6	55860001	55950000	4	4
IM_3	6	55950001	57180000	4	4
IM_3	6	57600001	57630000	4	4
IM_3	6	57630001	84660000	4	2
IM_3	6	84660001	84720000	4	1
IM_3	6	84720001	170910000	4	1
IM_3	7	30001	70290000	3	2
IM_3	7	70290001	71970000	3	2
IM_3	7	72720001	159120000	4	2
IM_3	8	180001	38340000	2	1
IM_3	8	38340001	38370000	2	1
IM_3	8	38370001	39240000	2	2
IM_3	8	39240001	39390000	2	0
IM_3	8	39390001	40440000	2	2
IM_3	8	40440001	41430000	5	2
IM_3	8	41430001	42960000	5	2
IM_3	8	42960001	43380000	5	2
IM_3	8	47490001	53370000	3	2
IM_3	8	53370001	53910000	3	3
IM_3	8	53910001	64380000	3	2
IM_3	8	64380001	66630000	4	2
IM_3	8	66630001	67380000	4	2
IM_3	8	67380001	67590000	5	2
IM_3	8	67590001	68190000	3	2
IM_3	8	68190001	69510000	5	2
IM_3	8	69510001	71040000	4	2
IM_3	8	71040001	71970000	5	2
IM_3	8	71970001	73410000	4	2
IM_3	8	73410001	75360000	4	2
IM_3	8	75360001	76230000	4	2
IM_3	8	76230001	76770000	4	2
IM_3	8	76770001	77400000	6	2
IM_3	8	77400001	79050000	5	2
IM_3	8	79050001	82140000	6	2
IM_3	8	82140001	82920000	4	2
IM_3	8	82920001	88500000	4	2
IM_3	8	88500001	89550000	3	2
IM_3	8	89550001	94230000	4	2
IM_3	8	94230001	96720000	3	2
IM_3	8	96720001	99150000	4	2
IM_3	8	99150001	102780000	4	2
IM_3	8	102780001	108090000	5	2
IM_3	8	108090001	108450000	6	2
IM_3	8	108450001	110670000	5	2
IM_3	8	110670001	115950000	4	2
IM_3	8	115950001	126780000	4	3
IM_3	8	126780001	135870000	7	3
IM_3	8	135870001	144990000	5	3
IM_3	8	144990001	146310000	6	3
IM_3	9	210001	78870000	3	1
IM_3	9	78870001	79650000	3	2
IM_3	9	79650001	141000000	2	2
IM_3	10	120001	10770000	2	2
IM_3	10	10770001	81390000	4	2
IM_3	10	81690001	94020000	2	2
IM_3	10	94020001	135420000	4	2
IM_3	11	210001	32250000	4	2
IM_3	11	32250001	32400000	4	2
IM_3	11	32400001	50190000	4	2
IM_3	11	50190001	62910000	2	2
IM_3	11	62910001	66900000	4	2
IM_3	11	66900001	74340000	6	2
IM_3	11	74340001	82440000	3	2
IM_3	11	82440001	84990000	6	2
IM_3	11	84990001	86460000	7	2
IM_3	11	86460001	87810000	6	2
IM_3	11	87810001	134940000	3	2
IM_3	12	180001	7200000	3	3
IM_3	12	7230001	104070000	3	2
IM_3	12	104070001	120660000	3	3
IM_3	12	120660001	120750000	3	3
IM_3	12	120750001	133830000	3	3
IM_3	13	19530001	115110000	3	2
IM_3	14	20190001	68430000	3	2
IM_3	14	68430001	69180000	5	2
IM_3	14	69180001	107310000	3	2
IM_3	15	22320001	22590000	6	2
IM_3	15	22770001	48390000	4	2
IM_3	15	48390001	48840000	4	3
IM_3	15	48840001	75510000	4	3
IM_3	15	75510001	76500000	4	2
IM_3	15	76500001	90360000	4	2
IM_3	15	90360001	90450000	4	2
IM_3	15	90450001	102390000	4	3
IM_3	16	90001	660000	4	1
IM_3	16	660001	690000	4	2
IM_3	16	690001	66930000	4	2
IM_3	16	66930001	84000000	4	1
IM_3	16	84000001	84060000	4	1
IM_3	16	84060001	90150000	4	2
IM_3	17	1	5850000	3	1
IM_3	17	5850001	6270000	3	2
IM_3	17	6270001	7530000	3	2
IM_3	17	7530001	7590000	3	2
IM_3	17	7590001	33870000	3	1
IM_3	17	33870001	36840000	4	1
IM_3	17	36840001	46500000	4	1
IM_3	17	46500001	46530000	4	1
IM_3	17	46530001	74190000	4	2
IM_3	17	74190001	75900000	2	2
IM_3	17	75900001	80070000	2	2
IM_3	17	80070001	81090000	2	2
IM_3	18	150001	3720000	4	1
IM_3	18	3720001	5700000	4	1
IM_3	18	5700001	40710000	4	1
IM_3	18	40710001	48360000	2	1
IM_3	18	48360001	48630000	2	0
IM_3	18	48630001	78030000	2	1
IM_3	19	270001	10290000	4	2
IM_3	19	10290001	59100000	4	2
IM_3	20	60001	20730000	2	2
IM_3	20	20730001	62910000	4	2
IM_3	21	15480001	48090000	4	2
IM_3	22	17280001	25620000	4	1
IM_3	22	25710001	25920000	4	3
IM_3	22	25920001	30990000	4	1
IM_3	22	30990001	31140000	4	1
IM_3	22	31140001	31860000	4	2
IM_3	22	31860001	31890000	4	2
IM_3	22	31890001	51180000	4	1
JBLAB-4102	1	840001	8490000	2	3
JBLAB-4102	1	8490001	8520000	2	3
JBLAB-4102	1	8520001	12060000	2	3
JBLAB-4102	1	12060001	12720000	2	4
JBLAB-4102	1	12720001	14730000	2	3
JBLAB-4102	1	14730001	15090000	2	4
JBLAB-4102	1	15090001	202110000	2	3
JBLAB-4102	1	202110001	221760000	2	2
JBLAB-4102	1	221760001	234990000	2	3
JBLAB-4102	1	234990001	235050000	2	4
JBLAB-4102	1	235050001	249210000	2	4
JBLAB-4102	2	30001	113820000	2	3
JBLAB-4102	2	113820001	114750000	3	3
JBLAB-4102	2	114750001	222780000	2	3
JBLAB-4102	2	222780001	240660000	1	3
JBLAB-4102	2	240660001	240870000	1	3
JBLAB-4102	2	240870001	243000000	1	3
JBLAB-4102	3	90001	510000	3	3
JBLAB-4102	3	510001	13830000	2	3
JBLAB-4102	3	13830001	14700000	2	3
JBLAB-4102	3	14700001	50250000	1	3
JBLAB-4102	3	50250001	50280000	1	3
JBLAB-4102	3	50280001	63270000	1	4
JBLAB-4102	3	63270001	63840000	3	4
JBLAB-4102	3	63840001	64800000	4	4
JBLAB-4102	3	64800001	83520000	3	4
JBLAB-4102	3	83520001	84150000	2	4
JBLAB-4102	3	84180001	86880000	3	4
JBLAB-4102	3	86880001	101520000	2	4
JBLAB-4102	3	101520001	101970000	3	4
JBLAB-4102	3	101970001	133950000	2	4
JBLAB-4102	3	133950001	133980000	2	4
JBLAB-4102	3	133980001	148890000	2	5
JBLAB-4102	3	148890001	148920000	3	6
JBLAB-4102	3	148920001	149670000	3	6
JBLAB-4102	3	149670001	149700000	3	5
JBLAB-4102	3	149700001	168570000	3	5
JBLAB-4102	3	168570001	168870000	5	5
JBLAB-4102	3	168870001	171780000	3	5
JBLAB-4102	3	171780001	172410000	4	5
JBLAB-4102	3	172410001	197820000	3	5
JBLAB-4102	4	90001	69180000	2	4
JBLAB-4102	4	69180001	70440000	2	4
JBLAB-4102	4	70440001	190800000	2	4
JBLAB-4102	5	60001	180690000	2	3
JBLAB-4102	6	210001	12780000	2	3
JBLAB-4102	6	12780001	12870000	2	4
JBLAB-4102	6	12870001	55860000	2	4
JBLAB-4102	6	55860001	55950000	2	4
JBLAB-4102	6	55950001	57180000	2	6
JBLAB-4102	6	57600001	57630000	2	3
JBLAB-4102	6	57630001	84660000	2	3
JBLAB-4102	6	84660001	84720000	2	3
JBLAB-4102	6	84720001	170910000	2	3
JBLAB-4102	7	30001	70290000	2	3
JBLAB-4102	7	70290001	71970000	1	3
JBLAB-4102	7	72720001	159120000	2	3
JBLAB-4102	8	180001	38340000	1	3
JBLAB-4102	8	38340001	38370000	1	4
JBLAB-4102	8	38370001	39240000	1	4
JBLAB-4102	8	39240001	39390000	1	1
JBLAB-4102	8	39390001	40440000	1	3
JBLAB-4102	8	40440001	41430000	3	3
JBLAB-4102	8	41430001	42960000	4	3
JBLAB-4102	8	42960001	43380000	3	3
JBLAB-4102	8	47490001	53370000	2	3
JBLAB-4102	8	53370001	53910000	2	4
JBLAB-4102	8	53910001	64380000	2	3
JBLAB-4102	8	64380001	66630000	3	3
JBLAB-4102	8	66630001	67380000	2	3
JBLAB-4102	8	67380001	67590000	3	3
JBLAB-4102	8	67590001	68190000	2	3
JBLAB-4102	8	68190001	69510000	3	3
JBLAB-4102	8	69510001	71040000	3	3
JBLAB-4102	8	71040001	71970000	3	3
JBLAB-4102	8	71970001	73410000	2	3
JBLAB-4102	8	73410001	75360000	3	3
JBLAB-4102	8	75360001	76230000	2	3
JBLAB-4102	8	76230001	76770000	3	3
JBLAB-4102	8	76770001	77400000	4	3
JBLAB-4102	8	77400001	79050000	3	3
JBLAB-4102	8	79050001	82140000	4	3
JBLAB-4102	8	82140001	82920000	3	3
JBLAB-4102	8	82920001	88500000	2	3
JBLAB-4102	8	88500001	89550000	1	3
JBLAB-4102	8	89550001	94230000	2	3
JBLAB-4102	8	94230001	96720000	1	3
JBLAB-4102	8	96720001	99150000	2	3
JBLAB-4102	8	99150001	102780000	3	3
JBLAB-4102	8	102780001	108090000	4	3
JBLAB-4102	8	108090001	108450000	5	3
JBLAB-4102	8	108450001	110670000	4	3
JBLAB-4102	8	110670001	115950000	3	3
JBLAB-4102	8	115950001	126780000	3	5
JBLAB-4102	8	126780001	135870000	5	5
JBLAB-4102	8	135870001	144990000	4	5
JBLAB-4102	8	144990001	146310000	5	5
JBLAB-4102	9	210001	78870000	2	2
JBLAB-4102	9	78870001	79650000	2	3
JBLAB-4102	9	79650001	141000000	1	3
JBLAB-4102	10	120001	10770000	1	4
JBLAB-4102	10	10770001	81390000	2	4
JBLAB-4102	10	81690001	94020000	1	4
JBLAB-4102	10	94020001	135420000	2	4
JBLAB-4102	11	210001	32250000	2	4
JBLAB-4102	11	32250001	32400000	2	5
JBLAB-4102	11	32400001	50190000	2	4
JBLAB-4102	11	50190001	62910000	1	4
JBLAB-4102	11	62910001	66900000	3	4
JBLAB-4102	11	66900001	74340000	4	4
JBLAB-4102	11	74340001	82440000	2	4
JBLAB-4102	11	82440001	84990000	4	4
JBLAB-4102	11	84990001	86460000	6	4
JBLAB-4102	11	86460001	87810000	4	4
JBLAB-4102	11	87810001	134940000	1	4
JBLAB-4102	12	180001	7200000	2	4
JBLAB-4102	12	7230001	104070000	2	4
JBLAB-4102	12	104070001	120660000	2	4
JBLAB-4102	12	120660001	120750000	2	7
JBLAB-4102	12	120750001	133830000	2	4
JBLAB-4102	13	19530001	115110000	2	3
JBLAB-4102	14	20190001	68430000	2	3
JBLAB-4102	14	68430001	69180000	3	3
JBLAB-4102	14	69180001	107310000	2	3
JBLAB-4102	15	22320001	22590000	4	4
JBLAB-4102	15	22770001	48390000	2	4
JBLAB-4102	15	48390001	48840000	2	5
JBLAB-4102	15	48840001	75510000	2	4
JBLAB-4102	15	75510001	76500000	2	4
JBLAB-4102	15	76500001	90360000	2	3
JBLAB-4102	15	90360001	90450000	2	4
JBLAB-4102	15	90450001	102390000	2	4
JBLAB-4102	16	90001	660000	2	3
JBLAB-4102	16	660001	690000	2	3
JBLAB-4102	16	690001	66930000	2	4
JBLAB-4102	16	66930001	84000000	2	3
JBLAB-4102	16	84000001	84060000	2	4
JBLAB-4102	16	84060001	90150000	2	4
JBLAB-4102	17	1	5850000	2	2
JBLAB-4102	17	5850001	6270000	2	2
JBLAB-4102	17	6270001	7530000	2	3
JBLAB-4102	17	7530001	7590000	2	2
JBLAB-4102	17	7590001	33870000	2	2
JBLAB-4102	17	33870001	36840000	3	2
JBLAB-4102	17	36840001	46500000	3	3
JBLAB-4102	17	46500001	46530000	3	3
JBLAB-4102	17	46530001	74190000	3	3
JBLAB-4102	17	74190001	75900000	1	3
JBLAB-4102	17	75900001	80070000	1	3
JBLAB-4102	17	80070001	81090000	1	4
JBLAB-4102	18	150001	3720000	2	3
JBLAB-4102	18	3720001	5700000	2	2
JBLAB-4102	18	5700001	40710000	2	3
JBLAB-4102	18	40710001	48360000	1	3
JBLAB-4102	18	48360001	48630000	1	2
JBLAB-4102	18	48630001	78030000	1	2
JBLAB-4102	19	270001	10290000	2	3
JBLAB-4102	19	10290001	59100000	2	4
JBLAB-4102	20	60001	20730000	1	4
JBLAB-4102	20	20730001	62910000	3	4
JBLAB-4102	21	15480001	48090000	2	3
JBLAB-4102	22	17280001	25620000	2	2
JBLAB-4102	22	25710001	25920000	2	2
JBLAB-4102	22	25920001	30990000	2	2
JBLAB-4102	22	30990001	31140000	2	3
JBLAB-4102	22	31140001	31860000	2	3
JBLAB-4102	22	31860001	31890000	2	2
JBLAB-4102	22	31890001	51180000	2	2
JBLAB-4103	1	840001	8490000	1	2
JBLAB-4103	1	8490001	8520000	1	4
JBLAB-4103	1	8520001	12060000	2	4
JBLAB-4103	1	12060001	12720000	2	4
JBLAB-4103	1	12720001	14730000	2	4
JBLAB-4103	1	14730001	15090000	3	4
JBLAB-4103	1	15090001	202110000	2	4
JBLAB-4103	1	202110001	221760000	1	3
JBLAB-4103	1	221760001	234990000	2	3
JBLAB-4103	1	234990001	235050000	3	3
JBLAB-4103	1	235050001	249210000	3	3
JBLAB-4103	2	30001	113820000	2	3
JBLAB-4103	2	113820001	114750000	2	3
JBLAB-4103	2	114750001	222780000	2	3
JBLAB-4103	2	222780001	240660000	2	3
JBLAB-4103	2	240660001	240870000	1	3
JBLAB-4103	2	240870001	243000000	1	3
JBLAB-4103	3	90001	510000	1	3
JBLAB-4103	3	510001	13830000	1	3
JBLAB-4103	3	13830001	14700000	1	3
JBLAB-4103	3	14700001	50250000	1	3
JBLAB-4103	3	50250001	50280000	1	3
JBLAB-4103	3	50280001	63270000	2	3
JBLAB-4103	3	63270001	63840000	2	3
JBLAB-4103	3	63840001	64800000	2	3
JBLAB-4103	3	64800001	83520000	2	3
JBLAB-4103	3	83520001	84150000	2	3
JBLAB-4103	3	84180001	86880000	2	3
JBLAB-4103	3	86880001	101520000	2	3
JBLAB-4103	3	101520001	101970000	2	3
JBLAB-4103	3	101970001	133950000	2	3
JBLAB-4103	3	133950001	133980000	2	5
JBLAB-4103	3	133980001	148890000	3	5
JBLAB-4103	3	148890001	148920000	4	5
JBLAB-4103	3	148920001	149670000	4	6
JBLAB-4103	3	149670001	149700000	3	6
JBLAB-4103	3	149700001	168570000	3	4
JBLAB-4103	3	168570001	168870000	3	4
JBLAB-4103	3	168870001	171780000	3	4
JBLAB-4103	3	171780001	172410000	3	4
JBLAB-4103	3	172410001	197820000	3	4
JBLAB-4103	4	90001	69180000	2	4
JBLAB-4103	4	69180001	70440000	2	4
JBLAB-4103	4	70440001	190800000	2	4
JBLAB-4103	5	60001	180690000	2	4
JBLAB-4103	6	210001	12780000	2	3
JBLAB-4103	6	12780001	12870000	3	3
JBLAB-4103	6	12870001	55860000	3	4
JBLAB-4103	6	55860001	55950000	3	5
JBLAB-4103	6	55950001	57180000	4	5
JBLAB-4103	6	57600001	57630000	2	5
JBLAB-4103	6	57630001	84660000	2	4
JBLAB-4103	6	84660001	84720000	2	3
JBLAB-4103	6	84720001	170910000	1	3
JBLAB-4103	7	30001	70290000	2	3
JBLAB-4103	7	70290001	71970000	2	3
JBLAB-4103	7	72720001	159120000	2	3
JBLAB-4103	8	180001	38340000	1	2
JBLAB-4103	8	38340001	38370000	2	2
JBLAB-4103	8	38370001	39240000	2	3
JBLAB-4103	8	39240001	39390000	0	0
JBLAB-4103	8	39390001	40440000	2	3
JBLAB-4103	8	40440001	41430000	2	3
JBLAB-4103	8	41430001	42960000	2	3
JBLAB-4103	8	42960001	43380000	2	3
JBLAB-4103	8	47490001	53370000	2	3
JBLAB-4103	8	53370001	53910000	3	5
JBLAB-4103	8	53910001	64380000	2	4
JBLAB-4103	8	64380001	66630000	2	4
JBLAB-4103	8	66630001	67380000	2	4
JBLAB-4103	8	67380001	67590000	2	4
JBLAB-4103	8	67590001	68190000	2	4
JBLAB-4103	8	68190001	69510000	2	4
JBLAB-4103	8	69510001	71040000	2	4
JBLAB-4103	8	71040001	71970000	2	4
JBLAB-4103	8	71970001	73410000	2	4
JBLAB-4103	8	73410001	75360000	2	4
JBLAB-4103	8	75360001	76230000	2	4
JBLAB-4103	8	76230001	76770000	2	4
JBLAB-4103	8	76770001	77400000	2	4
JBLAB-4103	8	77400001	79050000	2	4
JBLAB-4103	8	79050001	82140000	2	4
JBLAB-4103	8	82140001	82920000	2	4
JBLAB-4103	8	82920001	88500000	2	4
JBLAB-4103	8	88500001	89550000	2	4
JBLAB-4103	8	89550001	94230000	2	4
JBLAB-4103	8	94230001	96720000	2	4
JBLAB-4103	8	96720001	99150000	2	4
JBLAB-4103	8	99150001	102780000	2	4
JBLAB-4103	8	102780001	108090000	2	4
JBLAB-4103	8	108090001	108450000	2	4
JBLAB-4103	8	108450001	110670000	2	4
JBLAB-4103	8	110670001	115950000	2	4
JBLAB-4103	8	115950001	126780000	3	5
JBLAB-4103	8	126780001	135870000	3	5
JBLAB-4103	8	135870001	144990000	3	5
JBLAB-4103	8	144990001	146310000	3	5
JBLAB-4103	9	210001	78870000	1	2
JBLAB-4103	9	78870001	79650000	2	3
JBLAB-4103	9	79650001	141000000	2	3
JBLAB-4103	10	120001	10770000	2	3
JBLAB-4103	10	10770001	81390000	2	3
JBLAB-4103	10	81690001	94020000	2	3
JBLAB-4103	10	94020001	135420000	2	3
JBLAB-4103	11	210001	32250000	2	4
JBLAB-4103	11	32250001	32400000	4	4
JBLAB-4103	11	32400001	50190000	2	4
JBLAB-4103	11	50190001	62910000	2	4
JBLAB-4103	11	62910001	66900000	2	4
JBLAB-4103	11	66900001	74340000	2	4
JBLAB-4103	11	74340001	82440000	2	4
JBLAB-4103	11	82440001	84990000	2	4
JBLAB-4103	11	84990001	86460000	2	4
JBLAB-4103	11	86460001	87810000	2	4
JBLAB-4103	11	87810001	134940000	2	4
JBLAB-4103	12	180001	7200000	3	4
JBLAB-4103	12	7230001	104070000	2	4
JBLAB-4103	12	104070001	120660000	3	4
JBLAB-4103	12	120660001	120750000	6	4
JBLAB-4103	12	120750001	133830000	3	4
JBLAB-4103	13	19530001	115110000	2	3
JBLAB-4103	14	20190001	68430000	2	4
JBLAB-4103	14	68430001	69180000	2	4
JBLAB-4103	14	69180001	107310000	2	4
JBLAB-4103	15	22320001	22590000	2	4
JBLAB-4103	15	22770001	48390000	2	4
JBLAB-4103	15	48390001	48840000	3	4
JBLAB-4103	15	48840001	75510000	3	4
JBLAB-4103	15	75510001	76500000	3	3
JBLAB-4103	15	76500001	90360000	2	3
JBLAB-4103	15	90360001	90450000	3	3
JBLAB-4103	15	90450001	102390000	3	5
JBLAB-4103	16	90001	660000	1	2
JBLAB-4103	16	660001	690000	1	4
JBLAB-4103	16	690001	66930000	2	4
JBLAB-4103	16	66930001	84000000	1	3
JBLAB-4103	16	84000001	84060000	2	3
JBLAB-4103	16	84060001	90150000	2	3
JBLAB-4103	17	1	5850000	1	2
JBLAB-4103	17	5850001	6270000	1	3
JBLAB-4103	17	6270001	7530000	1	3
JBLAB-4103	17	7530001	7590000	1	3
JBLAB-4103	17	7590001	33870000	1	2
JBLAB-4103	17	33870001	36840000	1	2
JBLAB-4103	17	36840001	46500000	1	2
JBLAB-4103	17	46500001	46530000	2	2
JBLAB-4103	17	46530001	74190000	2	3
JBLAB-4103	17	74190001	75900000	2	3
JBLAB-4103	17	75900001	80070000	1	3
JBLAB-4103	17	80070001	81090000	2	3
JBLAB-4103	18	150001	3720000	1	2
JBLAB-4103	18	3720001	5700000	1	2
JBLAB-4103	18	5700001	40710000	1	2
JBLAB-4103	18	40710001	48360000	1	2
JBLAB-4103	18	48360001	48630000	0	1
JBLAB-4103	18	48630001	78030000	1	2
JBLAB-4103	19	270001	10290000	1	3
JBLAB-4103	19	10290001	59100000	2	3
JBLAB-4103	20	60001	20730000	2	4
JBLAB-4103	20	20730001	62910000	2	4
JBLAB-4103	21	15480001	48090000	2	4
JBLAB-4103	22	17280001	25620000	1	2
JBLAB-4103	22	25710001	25920000	1	5
JBLAB-4103	22	25920001	30990000	1	3
JBLAB-4103	22	30990001	31140000	2	3
JBLAB-4103	22	31140001	31860000	2	4
JBLAB-4103	22	31860001	31890000	1	4
JBLAB-4103	22	31890001	51180000	1	2
