sample_id	chrom	start	end	cn_a	cn_b
JBLAB-4940	1	840001	1500000	3	4
JBLAB-4940	1	1500001	62130000	3	3
JBLAB-4940	1	62130001	62880000	2	3
JBLAB-4940	1	62880001	93360000	3	3
JBLAB-4940	1	93360001	93510000	3	4
JBLAB-4940	1	93510001	100320000	4	4
JBLAB-4940	1	100320001	100770000	3	4
JBLAB-4940	1	100770001	116940000	4	4
JBLAB-4940	1	116940001	117120000	3	4
JBLAB-4940	1	117210001	119640000	3	3
JBLAB-4940	1	119640001	119670000	3	5
JBLAB-4940	1	119670001	121350000	4	5
JBLAB-4940	1	145380001	248280000	4	4
JBLAB-4940	1	248280001	249210000	4	5
JBLAB-4940	2	30001	4380000	2	2
JBLAB-4940	2	4380001	6150000	2	3
JBLAB-4940	2	6150001	22050000	2	2
JBLAB-4940	2	22050001	32070000	4	4
JBLAB-4940	2	32070001	32940000	4	3
JBLAB-4940	2	32940001	50400000	4	4
JBLAB-4940	2	50400001	54870000	3	3
JBLAB-4940	2	54870001	54900000	4	3
JBLAB-4940	2	54900001	59040000	4	4
JBLAB-4940	2	59040001	59100000	4	6
JBLAB-4940	2	59100001	60990000	6	6
JBLAB-4940	2	60990001	61110000	3	6
JBLAB-4940	2	61110001	62580000	3	3
JBLAB-4940	2	62580001	62610000	3	4
JBLAB-4940	2	62610001	80490000	4	4
JBLAB-4940	2	80490001	80520000	4	3
JBLAB-4940	2	80520001	83280000	3	3
JBLAB-4940	2	83280001	83370000	4	3
JBLAB-4940	2	83370001	85770000	4	4
JBLAB-4940	2	85770001	86370000	4	5
JBLAB-4940	2	86370001	100680000	3	3
JBLAB-4940	2	100680001	100800000	3	2
JBLAB-4940	2	100800001	129990000	2	2
JBLAB-4940	2	130020001	130050000	3	2
JBLAB-4940	2	130050001	135570000	3	3
JBLAB-4940	2	135570001	135630000	3	3
JBLAB-4940	2	135630001	136770000	3	3
JBLAB-4940	2	136770001	165210000	4	4
JBLAB-4940	2	165210001	166800000	3	3
JBLAB-4940	2	166800001	228810000	4	4
JBLAB-4940	2	228810001	243000000	3	3
JBLAB-4940	3	90001	138270000	3	3
JBLAB-4940	3	138270001	138360000	4	3
JBLAB-4940	3	138360001	138960000	4	4
JBLAB-4940	3	138960001	141690000	5	5
JBLAB-4940	3	141690001	141750000	7	5
JBLAB-4940	3	141780001	142380000	7	7
JBLAB-4940	3	142410001	142440000	8	7
JBLAB-4940	3	142440001	143460000	8	8
JBLAB-4940	3	143460001	143490000	6	8
JBLAB-4940	3	143490001	145020000	6	6
JBLAB-4940	3	145020001	145050000	7	6
JBLAB-4940	3	145050001	146010000	7	7
JBLAB-4940	3	146010001	148290000	8	9
JBLAB-4940	3	148290001	148320000	8	10
JBLAB-4940	3	148320001	149070000	10	10
JBLAB-4940	3	149070001	149190000	10	8
JBLAB-4940	3	149190001	150060000	8	8
JBLAB-4940	3	150060001	151050000	7	7
JBLAB-4940	3	151050001	151290000	6	7
JBLAB-4940	3	151290001	151320000	6	5
JBLAB-4940	3	151320001	152250000	5	5
JBLAB-4940	3	152250001	152280000	5	7
JBLAB-4940	3	152280001	152670000	7	7
JBLAB-4940	3	152670001	157890000	5	5
JBLAB-4940	3	157890001	161070000	6	6
JBLAB-4940	3	161070001	161850000	6	8
JBLAB-4940	3	161850001	161970000	13	8
JBLAB-4940	3	161970001	164220000	6	6
JBLAB-4940	3	164220001	165030000	7	8
JBLAB-4940	3	165030001	165060000	7	10
JBLAB-4940	3	165060001	165960000	10	10
JBLAB-4940	3	165960001	166080000	7	10
JBLAB-4940	3	166080001	171660000	7	8
JBLAB-4940	3	171660001	173310000	6	6
JBLAB-4940	3	173310001	173340000	6	4
JBLAB-4940	3	173340001	174840000	4	4
JBLAB-4940	3	174840001	175050000	5	4
JBLAB-4940	3	175050001	184650000	5	5
JBLAB-4940	3	184650001	184740000	5	4
JBLAB-4940	3	184740001	191100000	4	4
JBLAB-4940	3	191100001	191220000	4	3
JBLAB-4940	3	191220001	195840000	3	3
JBLAB-4940	3	195840001	196620000	4	3
JBLAB-4940	3	196650001	197820000	4	4
JBLAB-4940	4	90001	1350000	4	4
JBLAB-4940	4	1350001	1620000	4	3
JBLAB-4940	4	1620001	49080000	3	3
JBLAB-4940	4	52710001	56160000	7	7
JBLAB-4940	4	56160001	58020000	6	7
JBLAB-4940	4	58020001	61410000	8	7
JBLAB-4940	4	61410001	61440000	6	7
JBLAB-4940	4	61440001	64740000	6	6
JBLAB-4940	4	64740001	66090000	7	8
JBLAB-4940	4	66090001	66150000	5	8
JBLAB-4940	4	66150001	69780000	5	5
JBLAB-4940	4	69780001	69960000	7	5
JBLAB-4940	4	69960001	71850000	2	2
JBLAB-4940	4	71850001	107700000	3	3
JBLAB-4940	4	107700001	107760000	3	2
JBLAB-4940	4	107760001	128640000	2	2
JBLAB-4940	4	128640001	129060000	3	2
JBLAB-4940	4	129060001	151320000	3	3
JBLAB-4940	4	151320001	151350000	3	1
JBLAB-4940	4	151350001	151860000	1	1
JBLAB-4940	4	151860001	190800000	3	3
JBLAB-4940	5	60001	1890000	7	7
JBLAB-4940	5	1890001	2040000	7	6
JBLAB-4940	5	2040001	8340000	6	6
JBLAB-4940	5	8340001	8430000	6	5
JBLAB-4940	5	8430001	22350000	5	5
JBLAB-4940	5	22350001	22530000	5	4
JBLAB-4940	5	22530001	38220000	4	4
JBLAB-4940	5	38220001	40680000	3	3
JBLAB-4940	5	40680001	40980000	4	3
JBLAB-4940	5	40980001	44100000	4	4
JBLAB-4940	5	44100001	45900000	5	5
JBLAB-4940	5	49560001	64800000	2	2
JBLAB-4940	5	64800001	64860000	1	2
JBLAB-4940	5	64860001	65190000	1	1
JBLAB-4940	5	65190001	65220000	2	1
JBLAB-4940	5	65220001	117420000	2	2
JBLAB-4940	5	117420001	117450000	2	3
JBLAB-4940	5	117450001	180690000	3	3
JBLAB-4940	6	210001	55650000	3	3
JBLAB-4940	6	55650001	55680000	3	4
JBLAB-4940	6	55680001	63540000	4	4
JBLAB-4940	6	63600001	148680000	3	3
JBLAB-4940	6	148680001	148740000	5	3
JBLAB-4940	6	148740001	154440000	5	5
JBLAB-4940	6	154440001	154500000	4	5
JBLAB-4940	6	154500001	161340000	4	4
JBLAB-4940	6	161340001	161370000	4	3
JBLAB-4940	6	161370001	170910000	3	3
JBLAB-4940	7	30001	84780000	2	2
JBLAB-4940	7	84780001	157230000	2	3
JBLAB-4940	7	157230001	159120000	3	3
JBLAB-4940	8	180001	36720000	1	1
JBLAB-4940	8	36720001	36780000	1	3
JBLAB-4940	8	36780001	39030000	3	3
JBLAB-4940	8	39030001	39060000	3	5
JBLAB-4940	8	39060001	40380000	5	5
JBLAB-4940	8	40380001	41610000	4	5
JBLAB-4940	8	41610001	58260000	5	5
JBLAB-4940	8	58260001	58470000	5	4
JBLAB-4940	8	58470001	76500000	4	4
JBLAB-4940	8	76500001	76530000	5	4
JBLAB-4940	8	76530001	143310000	5	5
JBLAB-4940	8	143310001	143700000	6	5
JBLAB-4940	8	143700001	146310000	6	6
JBLAB-4940	9	210001	17100000	1	1
JBLAB-4940	9	17100001	17940000	3	3
JBLAB-4940	9	17940001	18090000	3	6
JBLAB-4940	9	18090001	18840000	3	4
JBLAB-4940	9	18840001	18870000	3	6
JBLAB-4940	9	18870001	19410000	5	6
JBLAB-4940	9	19410001	19440000	5	7
JBLAB-4940	9	19440001	20190000	8	7
JBLAB-4940	9	20190001	20370000	8	6
JBLAB-4940	9	20370001	24330000	4	4
JBLAB-4940	9	24330001	26370000	4	3
JBLAB-4940	9	26370001	26610000	2	3
JBLAB-4940	9	26610001	139590000	2	2
JBLAB-4940	9	139590001	141000000	2	3
JBLAB-4940	10	120001	1770000	5	5
JBLAB-4940	10	1770001	1860000	4	5
JBLAB-4940	10	1860001	42900000	4	4
JBLAB-4940	10	42990001	43830000	4	5
JBLAB-4940	10	43830001	45210000	4	3
JBLAB-4940	10	45210001	69570000	3	3
JBLAB-4940	10	69570001	71070000	3	2
JBLAB-4940	10	71070001	127260000	3	3
JBLAB-4940	10	127260001	134340000	2	2
JBLAB-4940	10	134340001	134460000	3	2
JBLAB-4940	10	134460001	135420000	3	3
JBLAB-4940	11	210001	2160000	3	2
JBLAB-4940	11	2160001	19290000	2	2
JBLAB-4940	11	19290001	24660000	4	4
JBLAB-4940	11	24660001	27720000	6	6
JBLAB-4940	11	27720001	28290000	8	6
JBLAB-4940	11	28290001	32100000	6	6
JBLAB-4940	11	32100001	32130000	6	4
JBLAB-4940	11	32130001	33300000	4	4
JBLAB-4940	11	33300001	33390000	4	5
JBLAB-4940	11	33390001	37170000	5	5
JBLAB-4940	11	37170001	40080000	4	4
JBLAB-4940	11	40080001	41100000	5	4
JBLAB-4940	11	41100001	46470000	4	4
JBLAB-4940	11	46470001	46770000	4	3
JBLAB-4940	11	46770001	46800000	2	3
JBLAB-4940	11	46800001	64470000	2	2
JBLAB-4940	11	64470001	67350000	5	5
JBLAB-4940	11	67350001	67410000	5	8
JBLAB-4940	11	67410001	70770000	8	8
JBLAB-4940	11	70770001	70800000	4	8
JBLAB-4940	11	70800001	74250000	4	5
JBLAB-4940	11	74250001	77580000	4	4
JBLAB-4940	11	77670001	77790000	4	7
JBLAB-4940	11	77790001	80760000	7	7
JBLAB-4940	11	80760001	83940000	4	4
JBLAB-4940	11	83940001	85110000	7	7
JBLAB-4940	11	85200001	90480000	4	4
JBLAB-4940	11	90480001	90570000	5	4
JBLAB-4940	11	90570001	92010000	5	5
JBLAB-4940	11	92010001	92070000	4	5
JBLAB-4940	11	92070001	99300000	4	4
JBLAB-4940	11	99300001	101610000	7	7
JBLAB-4940	11	101610001	101640000	7	6
JBLAB-4940	11	101640001	107490000	6	6
JBLAB-4940	11	107490001	107640000	6	5
JBLAB-4940	11	107640001	108450000	5	5
JBLAB-4940	11	108450001	110190000	3	3
JBLAB-4940	11	110190001	110250000	5	3
JBLAB-4940	11	110280001	121110000	5	5
JBLAB-4940	11	121110001	121140000	5	8
JBLAB-4940	11	121140001	121740000	9	8
JBLAB-4940	11	121740001	128520000	5	5
JBLAB-4940	11	128520001	128580000	5	3
JBLAB-4940	11	128580001	134940000	3	3
JBLAB-4940	12	180001	26130000	2	2
JBLAB-4940	12	26130001	26160000	2	3
JBLAB-4940	12	26160001	31410000	3	3
JBLAB-4940	12	31410001	31500000	3	2
JBLAB-4940	12	31500001	33120000	3	2
JBLAB-4940	12	33120001	33150000	3	3
JBLAB-4940	12	33150001	33990000	3	3
JBLAB-4940	12	33990001	34080000	3	4
JBLAB-4940	12	34080001	50580000	4	4
JBLAB-4940	12	50580001	51150000	4	3
JBLAB-4940	12	51150001	56100000	4	4
JBLAB-4940	12	56100001	56220000	6	4
JBLAB-4940	12	56220001	57690000	6	5
JBLAB-4940	12	57690001	60660000	5	5
JBLAB-4940	12	60660001	120420000	3	3
JBLAB-4940	12	120420001	120480000	3	3
JBLAB-4940	12	120480001	124290000	4	3
JBLAB-4940	12	124290001	129480000	4	4
JBLAB-4940	12	129510001	133830000	4	4
JBLAB-4940	13	19530001	21360000	2	2
JBLAB-4940	13	21360001	21390000	1	2
JBLAB-4940	13	21390001	24900000	1	1
JBLAB-4940	13	25170001	64680000	2	2
JBLAB-4940	13	64680001	64740000	2	1
JBLAB-4940	13	64740001	114030000	1	1
JBLAB-4940	13	114030001	115110000	2	1
JBLAB-4940	14	20190001	20670000	4	3
JBLAB-4940	14	20670001	31290000	3	3
JBLAB-4940	14	31290001	31980000	3	2
JBLAB-4940	14	31980001	32910000	3	3
JBLAB-4940	14	32910001	32940000	5	3
JBLAB-4940	14	32970001	33660000	5	5
JBLAB-4940	14	33660001	33690000	5	3
JBLAB-4940	14	33690001	35550000	3	3
JBLAB-4940	14	35550001	36360000	4	3
JBLAB-4940	14	36360001	45840000	4	4
JBLAB-4940	14	45840001	45930000	8	4
JBLAB-4940	14	45960001	46620000	8	9
JBLAB-4940	14	46620001	47820000	6	6
JBLAB-4940	14	47820001	48600000	2	2
JBLAB-4940	14	48600001	107310000	3	3
JBLAB-4940	15	22320001	102390000	3	3
JBLAB-4940	16	90001	1260000	2	2
JBLAB-4940	16	1290001	2280000	5	5
JBLAB-4940	16	2280001	3900000	2	2
JBLAB-4940	16	3900001	4500000	4	5
JBLAB-4940	16	4500001	34860000	2	2
JBLAB-4940	16	34950001	64800000	3	3
JBLAB-4940	16	64800001	90150000	2	2
JBLAB-4940	17	1	630000	9	9
JBLAB-4940	17	630001	990000	4	4
JBLAB-4940	17	990001	2040000	12	14
JBLAB-4940	17	2040001	2610000	7	5
JBLAB-4940	17	2610001	2850000	2	5
JBLAB-4940	17	2850001	3540000	5	5
JBLAB-4940	17	3540001	3570000	5	3
JBLAB-4940	17	3570001	4800000	3	3
JBLAB-4940	17	4800001	6900000	5	5
JBLAB-4940	17	6900001	7500000	8	9
JBLAB-4940	17	7500001	8610000	8	7
JBLAB-4940	17	8610001	9870000	8	9
JBLAB-4940	17	9870001	9900000	4	9
JBLAB-4940	17	9900001	11790000	4	4
JBLAB-4940	17	11790001	12750000	0	0
JBLAB-4940	17	12750001	12780000	5	0
JBLAB-4940	17	12780001	13050000	5	6
JBLAB-4940	17	13050001	14010000	11	11
JBLAB-4940	17	14010001	14460000	6	6
JBLAB-4940	17	14460001	14700000	13	14
JBLAB-4940	17	14700001	15300000	6	6
JBLAB-4940	17	15300001	15390000	6	4
JBLAB-4940	17	15390001	15570000	1	4
JBLAB-4940	17	15810001	16920000	1	1
JBLAB-4940	17	16920001	17490000	1	2
JBLAB-4940	17	17490001	17520000	1	0
JBLAB-4940	17	17520001	17760000	0	0
JBLAB-4940	17	17760001	21450000	2	2
JBLAB-4940	17	22110001	54870000	3	3
JBLAB-4940	17	54870001	56130000	3	4
JBLAB-4940	17	56130001	65640000	4	4
JBLAB-4940	17	65640001	65670000	4	3
JBLAB-4940	17	65670001	81090000	3	3
JBLAB-4940	18	150001	19260000	3	3
JBLAB-4940	18	19260001	19590000	3	4
JBLAB-4940	18	19590001	19890000	5	4
JBLAB-4940	18	19890001	19980000	5	7
JBLAB-4940	18	19980001	20490000	7	7
JBLAB-4940	18	20490001	20550000	4	7
JBLAB-4940	18	20550001	21870000	4	5
JBLAB-4940	18	21870001	23370000	4	4
JBLAB-4940	18	23370001	25440000	3	3
JBLAB-4940	18	25440001	26190000	2	2
JBLAB-4940	18	26190001	26280000	3	2
JBLAB-4940	18	26280001	27000000	3	3
JBLAB-4940	18	27000001	27720000	5	5
JBLAB-4940	18	27720001	37290000	2	2
JBLAB-4940	18	37290001	37710000	6	6
JBLAB-4940	18	37710001	38310000	4	4
JBLAB-4940	18	38310001	38400000	4	8
JBLAB-4940	18	38400001	38940000	9	8
JBLAB-4940	18	38940001	39930000	9	10
JBLAB-4940	18	39930001	57540000	2	2
JBLAB-4940	18	57540001	61770000	3	3
JBLAB-4940	18	61770001	62100000	3	2
JBLAB-4940	18	62100001	62850000	3	3
JBLAB-4940	18	62850001	62880000	3	2
JBLAB-4940	18	62880001	64140000	2	2
JBLAB-4940	18	64140001	64290000	1	2
JBLAB-4940	18	64290001	77190000	1	1
JBLAB-4940	18	77190001	78030000	2	1
JBLAB-4940	19	270001	1320000	3	4
JBLAB-4940	19	1320001	1380000	3	2
JBLAB-4940	19	1380001	12780000	2	2
JBLAB-4940	19	12780001	12900000	3	2
JBLAB-4940	19	12900001	14670000	3	3
JBLAB-4940	19	14670001	14880000	4	5
JBLAB-4940	19	14880001	15360000	6	5
JBLAB-4940	19	15360001	15390000	4	5
JBLAB-4940	19	15390001	19230000	4	4
JBLAB-4940	19	19230001	20010000	4	3
JBLAB-4940	19	20010001	21720000	4	4
JBLAB-4940	19	21720001	21750000	2	4
JBLAB-4940	19	21960001	59100000	2	2
JBLAB-4940	20	60001	510000	2	2
JBLAB-4940	20	510001	540000	3	2
JBLAB-4940	20	540001	14790000	3	3
JBLAB-4940	20	14790001	19350000	2	2
JBLAB-4940	20	19350001	19380000	2	4
JBLAB-4940	20	19380001	62910000	4	4
JBLAB-4940	21	15480001	44100000	3	3
JBLAB-4940	21	44100001	48090000	4	3
JBLAB-4940	22	17280001	51180000	3	3
JBLAB-4941	1	840001	1500000	4	5
JBLAB-4941	1	1500001	62130000	4	5
JBLAB-4941	1	62130001	62880000	4	5
JBLAB-4941	1	62880001	93360000	4	5
JBLAB-4941	1	93360001	93510000	4	5
JBLAB-4941	1	93510001	100320000	6	5
JBLAB-4941	1	100320001	100770000	5	5
JBLAB-4941	1	100770001	116940000	6	5
JBLAB-4941	1	116940001	117120000	5	5
JBLAB-4941	1	117210001	119640000	5	5
JBLAB-4941	1	119640001	119670000	5	6
JBLAB-4941	1	119670001	121350000	5	6
JBLAB-4941	1	145380001	248280000	5	5
JBLAB-4941	1	248280001	249210000	5	7
JBLAB-4941	2	30001	4380000	4	4
JBLAB-4941	2	4380001	6150000	4	5
JBLAB-4941	2	6150001	22050000	4	4
JBLAB-4941	2	22050001	32070000	5	6
JBLAB-4941	2	32070001	32940000	5	5
JBLAB-4941	2	32940001	50400000	5	6
JBLAB-4941	2	50400001	54870000	4	5
JBLAB-4941	2	54870001	54900000	6	5
JBLAB-4941	2	54900001	59040000	6	5
JBLAB-4941	2	59040001	59100000	6	7
JBLAB-4941	2	59100001	60990000	8	7
JBLAB-4941	2	60990001	61110000	5	7
JBLAB-4941	2	61110001	62580000	5	5
JBLAB-4941	2	62580001	62610000	5	6
JBLAB-4941	2	62610001	80490000	5	6
JBLAB-4941	2	80490001	80520000	5	4
JBLAB-4941	2	80520001	83280000	5	4
JBLAB-4941	2	83280001	83370000	6	4
JBLAB-4941	2	83370001	85770000	6	6
JBLAB-4941	2	85770001	86370000	6	6
JBLAB-4941	2	86370001	100680000	5	5
JBLAB-4941	2	100680001	100800000	5	3
JBLAB-4941	2	100800001	129990000	3	3
JBLAB-4941	2	130020001	130050000	5	3
JBLAB-4941	2	130050001	135570000	5	5
JBLAB-4941	2	135570001	135630000	5	4
JBLAB-4941	2	135630001	136770000	4	4
JBLAB-4941	2	136770001	165210000	5	6
JBLAB-4941	2	165210001	166800000	5	4
JBLAB-4941	2	166800001	228810000	6	6
JBLAB-4941	2	228810001	243000000	5	4
JBLAB-4941	3	90001	138270000	4	4
JBLAB-4941	3	138270001	138360000	5	4
JBLAB-4941	3	138360001	138960000	5	5
JBLAB-4941	3	138960001	141690000	7	7
JBLAB-4941	3	141690001	141750000	9	7
JBLAB-4941	3	141780001	142380000	9	9
JBLAB-4941	3	142410001	142440000	10	9
JBLAB-4941	3	142440001	143460000	10	10
JBLAB-4941	3	143460001	143490000	7	10
JBLAB-4941	3	143490001	145020000	7	8
JBLAB-4941	3	145020001	145050000	8	8
JBLAB-4941	3	145050001	146010000	8	9
JBLAB-4941	3	146010001	148290000	10	10
JBLAB-4941	3	148290001	148320000	10	12
JBLAB-4941	3	148320001	149070000	11	12
JBLAB-4941	3	149070001	149190000	11	10
JBLAB-4941	3	149190001	150060000	10	10
JBLAB-4941	3	150060001	151050000	8	8
JBLAB-4941	3	151050001	151290000	8	8
JBLAB-4941	3	151290001	151320000	8	6
JBLAB-4941	3	151320001	152250000	6	6
JBLAB-4941	3	152250001	152280000	6	9
JBLAB-4941	3	152280001	152670000	9	9
JBLAB-4941	3	152670001	157890000	6	7
JBLAB-4941	3	157890001	161070000	7	7
JBLAB-4941	3	161070001	161850000	7	10
JBLAB-4941	3	161850001	161970000	14	10
JBLAB-4941	3	161970001	164220000	7	8
JBLAB-4941	3	164220001	165030000	9	9
JBLAB-4941	3	165030001	165060000	9	12
JBLAB-4941	3	165060001	165960000	11	12
JBLAB-4941	3	165960001	166080000	9	12
JBLAB-4941	3	166080001	171660000	9	9
JBLAB-4941	3	171660001	173310000	8	8
JBLAB-4941	3	173310001	173340000	8	5
JBLAB-4941	3	173340001	174840000	5	5
JBLAB-4941	3	174840001	175050000	6	5
JBLAB-4941	3	175050001	184650000	6	6
JBLAB-4941	3	184650001	184740000	6	5
JBLAB-4941	3	184740001	191100000	5	5
JBLAB-4941	3	191100001	191220000	5	4
JBLAB-4941	3	191220001	195840000	5	4
JBLAB-4941	3	195840001	196620000	5	4
JBLAB-4941	3	196650001	197820000	5	6
JBLAB-4941	4	90001	1350000	6	5
JBLAB-4941	4	1350001	1620000	6	4
JBLAB-4941	4	1620001	49080000	5	4
JBLAB-4941	4	52710001	56160000	9	9
JBLAB-4941	4	56160001	58020000	8	9
JBLAB-4941	4	58020001	61410000	9	9
JBLAB-4941	4	61410001	61440000	8	9
JBLAB-4941	4	61440001	64740000	8	7
JBLAB-4941	4	64740001	66090000	9	9
JBLAB-4941	4	66090001	66150000	6	9
JBLAB-4941	4	66150001	69780000	6	7
JBLAB-4941	4	69780001	69960000	8	7
JBLAB-4941	4	69960001	71850000	3	3
JBLAB-4941	4	71850001	107700000	5	5
JBLAB-4941	4	107700001	107760000	5	4
JBLAB-4941	4	107760001	128640000	3	4
JBLAB-4941	4	128640001	129060000	5	4
JBLAB-4941	4	129060001	151320000	5	4
JBLAB-4941	4	151320001	151350000	5	3
JBLAB-4941	4	151350001	151860000	2	3
JBLAB-4941	4	151860001	190800000	4	4
JBLAB-4941	5	60001	1890000	9	9
JBLAB-4941	5	1890001	2040000	9	8
JBLAB-4941	5	2040001	8340000	7	8
JBLAB-4941	5	8340001	8430000	7	7
JBLAB-4941	5	8430001	22350000	7	7
JBLAB-4941	5	22350001	22530000	7	6
JBLAB-4941	5	22530001	38220000	6	6
JBLAB-4941	5	38220001	40680000	5	4
JBLAB-4941	5	40680001	40980000	5	4
JBLAB-4941	5	40980001	44100000	5	6
JBLAB-4941	5	44100001	45900000	6	7
JBLAB-4941	5	49560001	64800000	3	3
JBLAB-4941	5	64800001	64860000	3	3
JBLAB-4941	5	64860001	65190000	3	2
JBLAB-4941	5	65190001	65220000	4	2
JBLAB-4941	5	65220001	117420000	4	4
JBLAB-4941	5	117420001	117450000	4	4
JBLAB-4941	5	117450001	180690000	4	4
JBLAB-4941	6	210001	55650000	5	5
JBLAB-4941	6	55650001	55680000	5	6
JBLAB-4941	6	55680001	63540000	6	6
JBLAB-4941	6	63600001	148680000	5	5
JBLAB-4941	6	148680001	148740000	6	5
JBLAB-4941	6	148740001	154440000	6	7
JBLAB-4941	6	154440001	154500000	6	7
JBLAB-4941	6	154500001	161340000	6	6
JBLAB-4941	6	161340001	161370000	6	5
JBLAB-4941	6	161370001	170910000	5	5
JBLAB-4941	7	30001	84780000	4	4
JBLAB-4941	7	84780001	157230000	4	4
JBLAB-4941	7	157230001	159120000	5	5
JBLAB-4941	8	180001	36720000	3	2
JBLAB-4941	8	36720001	36780000	3	4
JBLAB-4941	8	36780001	39030000	4	4
JBLAB-4941	8	39030001	39060000	4	6
JBLAB-4941	8	39060001	40380000	6	6
JBLAB-4941	8	40380001	41610000	5	6
JBLAB-4941	8	41610001	58260000	6	6
JBLAB-4941	8	58260001	58470000	6	5
JBLAB-4941	8	58470001	76500000	6	5
JBLAB-4941	8	76500001	76530000	6	5
JBLAB-4941	8	76530001	143310000	6	7
JBLAB-4941	8	143310001	143700000	7	7
JBLAB-4941	8	143700001	146310000	7	8
JBLAB-4941	9	210001	17100000	3	3
JBLAB-4941	9	17100001	17940000	4	4
JBLAB-4941	9	17940001	18090000	4	7
JBLAB-4941	9	18090001	18840000	4	5
JBLAB-4941	9	18840001	18870000	4	7
JBLAB-4941	9	18870001	19410000	7	7
JBLAB-4941	9	19410001	19440000	7	9
JBLAB-4941	9	19440001	20190000	10	9
JBLAB-4941	9	20190001	20370000	10	8
JBLAB-4941	9	20370001	24330000	5	6
JBLAB-4941	9	24330001	26370000	5	4
JBLAB-4941	9	26370001	26610000	3	4
JBLAB-4941	9	26610001	139590000	3	3
JBLAB-4941	9	139590001	141000000	3	4
JBLAB-4941	10	120001	1770000	6	6
JBLAB-4941	10	1770001	1860000	5	6
JBLAB-4941	10	1860001	42900000	5	5
JBLAB-4941	10	42990001	43830000	5	7
JBLAB-4941	10	43830001	45210000	5	4
JBLAB-4941	10	45210001	69570000	5	4
JBLAB-4941	10	69570001	71070000	5	4
JBLAB-4941	10	71070001	127260000	5	4
JBLAB-4941	10	127260001	134340000	3	4
JBLAB-4941	10	134340001	134460000	4	4
JBLAB-4941	10	134460001	135420000	4	4
JBLAB-4941	11	210001	2160000	4	4
JBLAB-4941	11	2160001	19290000	4	4
JBLAB-4941	11	19290001	24660000	6	6
JBLAB-4941	11	24660001	27720000	8	8
JBLAB-4941	11	27720001	28290000	9	8
JBLAB-4941	11	28290001	32100000	8	8
JBLAB-4941	11	32100001	32130000	8	6
JBLAB-4941	11	32130001	33300000	6	6
JBLAB-4941	11	33300001	33390000	6	7
JBLAB-4941	11	33390001	37170000	7	7
JBLAB-4941	11	37170001	40080000	6	6
JBLAB-4941	11	40080001	41100000	7	6
JBLAB-4941	11	41100001	46470000	6	6
JBLAB-4941	11	46470001	46770000	6	5
JBLAB-4941	11	46770001	46800000	3	5
JBLAB-4941	11	46800001	64470000	3	3
JBLAB-4941	11	64470001	67350000	7	7
JBLAB-4941	11	67350001	67410000	7	9
JBLAB-4941	11	67410001	70770000	9	9
JBLAB-4941	11	70770001	70800000	6	9
JBLAB-4941	11	70800001	74250000	6	6
JBLAB-4941	11	74250001	77580000	6	5
JBLAB-4941	11	77670001	77790000	6	9
JBLAB-4941	11	77790001	80760000	8	9
JBLAB-4941	11	80760001	83940000	5	5
JBLAB-4941	11	83940001	85110000	9	8
JBLAB-4941	11	85200001	90480000	5	5
JBLAB-4941	11	90480001	90570000	6	5
JBLAB-4941	11	90570001	92010000	6	6
JBLAB-4941	11	92010001	92070000	5	6
JBLAB-4941	11	92070001	99300000	5	6
JBLAB-4941	11	99300001	101610000	8	8
JBLAB-4941	11	101610001	101640000	8	7
JBLAB-4941	11	101640001	107490000	7	7
JBLAB-4941	11	107490001	107640000	7	6
JBLAB-4941	11	107640001	108450000	6	6
JBLAB-4941	11	108450001	110190000	4	4
JBLAB-4941	11	110190001	110250000	6	4
JBLAB-4941	11	110280001	121110000	6	7
JBLAB-4941	11	121110001	121140000	6	10
JBLAB-4941	11	121140001	121740000	10	10
JBLAB-4941	11	121740001	128520000	6	6
JBLAB-4941	11	128520001	128580000	6	5
JBLAB-4941	11	128580001	134940000	4	5
JBLAB-4941	12	180001	26130000	4	4
JBLAB-4941	12	26130001	26160000	4	5
JBLAB-4941	12	26160001	31410000	5	5
JBLAB-4941	12	31410001	31500000	5	4
JBLAB-4941	12	31500001	33120000	4	4
JBLAB-4941	12	33120001	33150000	4	4
JBLAB-4941	12	33150001	33990000	5	4
JBLAB-4941	12	33990001	34080000	5	6
JBLAB-4941	12	34080001	50580000	6	6
JBLAB-4941	12	50580001	51150000	6	5
JBLAB-4941	12	51150001	56100000	6	6
JBLAB-4941	12	56100001	56220000	8	6
JBLAB-4941	12	56220001	57690000	8	7
JBLAB-4941	12	57690001	60660000	7	7
JBLAB-4941	12	60660001	120420000	5	4
JBLAB-4941	12	120420001	120480000	5	5
JBLAB-4941	12	120480001	124290000	5	5
JBLAB-4941	12	124290001	129480000	5	6
JBLAB-4941	12	129510001	133830000	6	6
JBLAB-4941	13	19530001	21360000	4	4
JBLAB-4941	13	21360001	21390000	3	4
JBLAB-4941	13	21390001	24900000	3	2
JBLAB-4941	13	25170001	64680000	4	3
JBLAB-4941	13	64680001	64740000	4	3
JBLAB-4941	13	64740001	114030000	3	3
JBLAB-4941	13	114030001	115110000	4	3
JBLAB-4941	14	20190001	20670000	6	5
JBLAB-4941	14	20670001	31290000	5	5
JBLAB-4941	14	31290001	31980000	5	4
JBLAB-4941	14	31980001	32910000	5	5
JBLAB-4941	14	32910001	32940000	6	5
JBLAB-4941	14	32970001	33660000	6	7
JBLAB-4941	14	33660001	33690000	6	5
JBLAB-4941	14	33690001	35550000	5	5
JBLAB-4941	14	35550001	36360000	5	5
JBLAB-4941	14	36360001	45840000	5	6
JBLAB-4941	14	45840001	45930000	9	6
JBLAB-4941	14	45960001	46620000	9	10
JBLAB-4941	14	46620001	47820000	7	8
JBLAB-4941	14	47820001	48600000	3	4
JBLAB-4941	14	48600001	107310000	5	4
JBLAB-4941	15	22320001	102390000	5	4
JBLAB-4941	16	90001	1260000	4	4
JBLAB-4941	16	1290001	2280000	6	7
JBLAB-4941	16	2280001	3900000	4	3
JBLAB-4941	16	3900001	4500000	6	7
JBLAB-4941	16	4500001	34860000	3	4
JBLAB-4941	16	34950001	64800000	4	4
JBLAB-4941	16	64800001	90150000	3	3
JBLAB-4941	17	1	630000	11	11
JBLAB-4941	17	630001	990000	6	5
JBLAB-4941	17	990001	2040000	14	15
JBLAB-4941	17	2040001	2610000	9	7
JBLAB-4941	17	2610001	2850000	4	7
JBLAB-4941	17	2850001	3540000	7	7
JBLAB-4941	17	3540001	3570000	7	4
JBLAB-4941	17	3570001	4800000	5	4
JBLAB-4941	17	4800001	6900000	7	6
JBLAB-4941	17	6900001	7500000	9	10
JBLAB-4941	17	7500001	8610000	9	8
JBLAB-4941	17	8610001	9870000	9	10
JBLAB-4941	17	9870001	9900000	5	10
JBLAB-4941	17	9900001	11790000	5	6
JBLAB-4941	17	11790001	12750000	1	1
JBLAB-4941	17	12750001	12780000	7	1
JBLAB-4941	17	12780001	13050000	7	7
JBLAB-4941	17	13050001	14010000	13	13
JBLAB-4941	17	14010001	14460000	7	7
JBLAB-4941	17	14460001	14700000	14	16
JBLAB-4941	17	14700001	15300000	7	8
JBLAB-4941	17	15300001	15390000	7	5
JBLAB-4941	17	15390001	15570000	3	5
JBLAB-4941	17	15810001	16920000	3	2
JBLAB-4941	17	16920001	17490000	3	3
JBLAB-4941	17	17490001	17520000	3	1
JBLAB-4941	17	17520001	17760000	2	1
JBLAB-4941	17	17760001	21450000	4	3
JBLAB-4941	17	22110001	54870000	5	5
JBLAB-4941	17	54870001	56130000	5	5
JBLAB-4941	17	56130001	65640000	5	5
JBLAB-4941	17	65640001	65670000	5	5
JBLAB-4941	17	65670001	81090000	5	5
JBLAB-4941	18	150001	19260000	4	4
JBLAB-4941	18	19260001	19590000	4	6
JBLAB-4941	18	19590001	19890000	6	6
JBLAB-4941	18	19890001	19980000	6	8
JBLAB-4941	18	19980001	20490000	8	8
JBLAB-4941	18	20490001	20550000	6	8
JBLAB-4941	18	20550001	21870000	6	6
JBLAB-4941	18	21870001	23370000	6	5
JBLAB-4941	18	23370001	25440000	4	4
JBLAB-4941	18	25440001	26190000	4	3
JBLAB-4941	18	26190001	26280000	4	3
JBLAB-4941	18	26280001	27000000	4	5
JBLAB-4941	18	27000001	27720000	6	6
JBLAB-4941	18	27720001	37290000	4	4
JBLAB-4941	18	37290001	37710000	8	8
JBLAB-4941	18	37710001	38310000	5	5
JBLAB-4941	18	38310001	38400000	5	9
JBLAB-4941	18	38400001	38940000	11	9
JBLAB-4941	18	38940001	39930000	11	12
JBLAB-4941	18	39930001	57540000	4	3
JBLAB-4941	18	57540001	61770000	5	4
JBLAB-4941	18	61770001	62100000	5	4
JBLAB-4941	18	62100001	62850000	5	5
JBLAB-4941	18	62850001	62880000	5	3
JBLAB-4941	18	62880001	64140000	4	3
JBLAB-4941	18	64140001	64290000	2	3
JBLAB-4941	18	64290001	77190000	2	3
JBLAB-4941	18	77190001	78030000	3	3
JBLAB-4941	19	270001	1320000	5	5
JBLAB-4941	19	1320001	1380000	5	3
JBLAB-4941	19	1380001	12780000	4	3
JBLAB-4941	19	12780001	12900000	4	3
JBLAB-4941	19	12900001	14670000	4	4
JBLAB-4941	19	14670001	14880000	5	7
JBLAB-4941	19	14880001	15360000	8	7
JBLAB-4941	19	15360001	15390000	5	7
JBLAB-4941	19	15390001	19230000	5	5
JBLAB-4941	19	19230001	20010000	5	5
JBLAB-4941	19	20010001	21720000	5	6
JBLAB-4941	19	21720001	21750000	4	6
JBLAB-4941	19	21960001	59100000	4	3
JBLAB-4941	20	60001	510000	4	4
JBLAB-4941	20	510001	540000	5	4
JBLAB-4941	20	540001	14790000	5	4
JBLAB-4941	20	14790001	19350000	3	3
JBLAB-4941	20	19350001	19380000	3	6
JBLAB-4941	20	19380001	62910000	5	6
JBLAB-4941	21	15480001	44100000	4	4
JBLAB-4941	21	44100001	48090000	5	4
JBLAB-4941	22	17280001	51180000	5	5
