sample_id	chrom	start	end	cn_a	cn_b
IM_180	1	840001	3870000	4	2
IM_180	1	3990001	5940000	4	1
IM_180	1	5940001	15750000	4	2
IM_180	1	15750001	16350000	4	2
IM_180	1	16350001	17550000	4	2
IM_180	1	17580001	19170000	4	1
IM_180	1	19170001	29640000	4	2
IM_180	1	29640001	31170000	4	2
IM_180	1	31170001	33990000	4	2
IM_180	1	33990001	35160000	4	2
IM_180	1	35160001	36990000	4	2
IM_180	1	36990001	39480000	4	2
IM_180	1	39480001	58950000	4	2
IM_180	1	58950001	60330000	4	3
IM_180	1	60330001	93900000	4	2
IM_180	1	93900001	95550000	4	3
IM_180	1	95550001	118290000	4	2
IM_180	1	118290001	118380000	4	2
IM_180	1	118380001	119850000	4	3
IM_180	1	119850001	120540000	4	3
IM_180	1	121200001	121260000	4	3
IM_180	1	121320001	151950000	4	4
IM_180	1	151950001	152040000	4	4
IM_180	1	152040001	153450000	4	3
IM_180	1	153450001	171180000	4	3
IM_180	1	171180001	173760000	4	4
IM_180	1	173760001	249210000	4	3
IM_180	2	30001	690000	4	5
IM_180	2	690001	7890000	4	3
IM_180	2	7890001	27570000	4	4
IM_180	2	27570001	29010000	4	5
IM_180	2	29010001	32100000	4	4
IM_180	2	32100001	32970000	4	4
IM_180	2	32970001	48870000	4	4
IM_180	2	48870001	52290000	4	3
IM_180	2	52290001	60810000	4	4
IM_180	2	60810001	63870000	5	4
IM_180	2	63870001	97560000	4	4
IM_180	2	97560001	99240000	4	4
IM_180	2	99240001	103680000	4	3
IM_180	2	103680001	104550000	4	2
IM_180	2	104550001	107220000	4	3
IM_180	2	107220001	108750000	4	2
IM_180	2	108750001	115620000	4	3
IM_180	2	115620001	118350000	4	3
IM_180	2	118350001	125310000	4	3
IM_180	2	125310001	125370000	4	3
IM_180	2	125370001	127620000	5	3
IM_180	2	127620001	141060000	5	4
IM_180	2	141060001	201660000	5	4
IM_180	2	201660001	203070000	7	4
IM_180	2	203070001	204240000	7	4
IM_180	2	204240001	204300000	7	4
IM_180	2	204300001	226890000	5	4
IM_180	2	226890001	227790000	5	5
IM_180	2	227790001	228780000	5	4
IM_180	2	228780001	230490000	5	3
IM_180	2	230490001	241290000	5	4
IM_180	2	241290001	241320000	4	4
IM_180	2	241320001	243000000	4	4
IM_180	3	90001	46560000	5	3
IM_180	3	46560001	51600000	5	3
IM_180	3	51600001	70650000	4	3
IM_180	3	70650001	76860000	4	3
IM_180	3	76860001	90210000	4	3
IM_180	3	93540001	112950000	4	3
IM_180	3	112950001	114330000	4	3
IM_180	3	114330001	114990000	4	3
IM_180	3	114990001	115410000	4	3
IM_180	3	115410001	116340000	4	3
IM_180	3	116340001	121020000	4	3
IM_180	3	121020001	135810000	4	3
IM_180	3	135810001	136650000	4	3
IM_180	3	136650001	166230000	4	3
IM_180	3	166230001	187440000	4	3
IM_180	3	187440001	190800000	4	4
IM_180	3	190800001	193320000	4	3
IM_180	3	193320001	195960000	4	4
IM_180	3	195960001	197820000	4	3
IM_180	4	90001	39540000	3	2
IM_180	4	39540001	40110000	4	2
IM_180	4	40110001	107820000	3	2
IM_180	4	107820001	124320000	3	2
IM_180	4	124320001	125190000	3	3
IM_180	4	125190001	158220000	3	2
IM_180	4	158220001	184740000	3	2
IM_180	4	184740001	190800000	2	1
IM_180	5	60001	1200000	4	3
IM_180	5	1200001	5130000	4	2
IM_180	5	5130001	5520000	4	4
IM_180	5	5520001	45900000	4	2
IM_180	5	49560001	113730000	4	2
IM_180	5	113730001	122730000	4	2
IM_180	5	122730001	125040000	4	3
IM_180	5	125040001	173040000	4	2
IM_180	5	173040001	173460000	4	3
IM_180	5	173460001	175230000	4	1
IM_180	5	175230001	178560000	4	2
IM_180	5	178560001	179010000	4	1
IM_180	5	179010001	180690000	4	2
IM_180	6	210001	39390000	3	2
IM_180	6	39390001	40920000	3	2
IM_180	6	40920001	41220000	3	2
IM_180	6	41220001	45450000	3	2
IM_180	6	45450001	62400000	3	2
IM_180	6	62400001	62670000	3	2
IM_180	6	62670001	160590000	3	2
IM_180	6	160590001	161160000	3	3
IM_180	6	161160001	170910000	4	3
IM_180	7	30001	13650000	4	3
IM_180	7	13650001	13710000	4	3
IM_180	7	13710001	13740000	4	2
IM_180	7	13740001	15300000	4	2
IM_180	7	15300001	15330000	5	3
IM_180	7	15330001	30120000	5	3
IM_180	7	30120001	30180000	5	2
IM_180	7	30180001	31830000	4	2
IM_180	7	31830001	31890000	4	2
IM_180	7	31890001	32430000	4	2
IM_180	7	32430001	46170000	4	3
IM_180	7	46170001	48150000	4	4
IM_180	7	48150001	115320000	4	3
IM_180	7	115320001	118530000	6	4
IM_180	7	118530001	127260000	6	4
IM_180	7	127260001	131340000	6	5
IM_180	7	131340001	132030000	6	4
IM_180	7	132030001	132060000	6	4
IM_180	7	132060001	132750000	4	3
IM_180	7	132750001	132870000	4	3
IM_180	7	132870001	132930000	5	3
IM_180	7	132930001	144180000	5	4
IM_180	7	144180001	148290000	5	3
IM_180	7	148290001	152370000	5	4
IM_180	7	152370001	157200000	5	3
IM_180	7	157200001	159120000	5	3
IM_180	8	180001	780000	5	4
IM_180	8	780001	1710000	5	3
IM_180	8	1710001	1830000	5	4
IM_180	8	1830001	2100000	5	4
IM_180	8	2100001	6210000	5	2
IM_180	8	6210001	16350000	5	3
IM_180	8	16350001	17970000	5	4
IM_180	8	17970001	34740000	5	3
IM_180	8	34740001	36300000	5	3
IM_180	8	36300001	37740000	5	3
IM_180	8	37740001	39630000	5	3
IM_180	8	39630001	40110000	5	3
IM_180	8	40110001	41790000	5	2
IM_180	8	41790001	42180000	5	3
IM_180	8	42180001	42960000	5	3
IM_180	8	42960001	47640000	5	2
IM_180	8	47820001	66600000	5	3
IM_180	8	66600001	87570000	5	3
IM_180	8	87570001	90630000	5	3
IM_180	8	90630001	136260000	5	3
IM_180	8	136260001	136740000	5	2
IM_180	8	136740001	136920000	4	2
IM_180	8	136920001	140760000	4	2
IM_180	8	140760001	142440000	4	2
IM_180	8	142440001	144660000	4	2
IM_180	8	144660001	146310000	4	2
IM_180	9	210001	2010000	4	3
IM_180	9	2010001	3690000	4	3
IM_180	9	3690001	4320000	4	4
IM_180	9	4320001	15420000	4	3
IM_180	9	15420001	16890000	4	4
IM_180	9	16890001	17520000	4	3
IM_180	9	17520001	18210000	4	2
IM_180	9	18210001	38190000	4	3
IM_180	9	38190001	38760000	4	3
IM_180	9	38760001	71250000	4	3
IM_180	9	71250001	131550000	4	2
IM_180	9	131550001	137340000	2	2
IM_180	9	137370001	137580000	2	1
IM_180	9	137580001	138270000	3	1
IM_180	9	138300001	141000000	3	2
IM_180	10	120001	1410000	4	3
IM_180	10	1410001	5400000	4	2
IM_180	10	5400001	6660000	4	3
IM_180	10	6660001	11490000	4	2
IM_180	10	11490001	33060000	4	3
IM_180	10	33060001	35370000	4	3
IM_180	10	35400001	35760000	4	3
IM_180	10	35760001	44550000	4	3
IM_180	10	44550001	45360000	4	4
IM_180	10	45360001	45510000	4	6
IM_180	10	45510001	46170000	4	4
IM_180	10	47580001	47700000	3	4
IM_180	10	48300001	50040000	3	2
IM_180	10	50040001	50070000	10	9
IM_180	10	50070001	52410000	10	9
IM_180	10	52530001	52590000	8	9
IM_180	10	52590001	54630000	8	5
IM_180	10	54630001	55140000	8	7
IM_180	10	55140001	57180000	8	5
IM_180	10	57180001	57210000	8	5
IM_180	10	57210001	57330000	8	2
IM_180	10	57360001	57390000	8	6
IM_180	10	57390001	57840000	8	6
IM_180	10	57840001	63750000	3	2
IM_180	10	63750001	63870000	3	3
IM_180	10	63870001	64260000	5	3
IM_180	10	64260001	64980000	3	2
IM_180	10	64980001	65340000	3	3
IM_180	10	65340001	83130000	3	2
IM_180	10	83130001	84330000	3	2
IM_180	10	84330001	85350000	7	5
IM_180	10	85350001	85650000	6	5
IM_180	10	85650001	86880000	6	5
IM_180	10	86880001	88140000	6	4
IM_180	10	88140001	88200000	6	4
IM_180	10	88200001	90630000	6	6
IM_180	10	90630001	110670000	3	2
IM_180	10	110670001	119940000	3	2
IM_180	10	119970001	121080000	3	2
IM_180	10	121080001	125250000	3	2
IM_180	10	125250001	127740000	3	2
IM_180	10	127740001	127890000	3	2
IM_180	10	127890001	130830000	3	2
IM_180	10	130830001	131550000	3	2
IM_180	10	131550001	133920000	3	1
IM_180	10	133920001	135420000	3	2
IM_180	11	210001	1410000	6	4
IM_180	11	1410001	13440000	3	2
IM_180	11	13440001	13590000	4	2
IM_180	11	13590001	14460000	4	3
IM_180	11	14460001	15630000	6	6
IM_180	11	15630001	16620000	6	8
IM_180	11	16620001	20550000	6	5
IM_180	11	20550001	20850000	6	3
IM_180	11	20850001	22620000	4	3
IM_180	11	22620001	22890000	4	4
IM_180	11	22890001	26490000	4	3
IM_180	11	26490001	27540000	4	4
IM_180	11	27540001	27570000	4	2
IM_180	11	27570001	30270000	4	2
IM_180	11	30270001	31380000	4	2
IM_180	11	31380001	31500000	4	3
IM_180	11	31500001	31590000	4	3
IM_180	11	31590001	34740000	5	3
IM_180	11	34740001	36960000	4	3
IM_180	11	36960001	38430000	5	3
IM_180	11	38460001	38490000	5	2
IM_180	11	38490001	38520000	5	2
IM_180	11	38520001	46950000	3	2
IM_180	11	46950001	47130000	3	3
IM_180	11	47160001	59520000	3	3
IM_180	11	59520001	60570000	3	3
IM_180	11	60570001	79440000	3	3
IM_180	11	79440001	81540000	3	2
IM_180	11	81540001	83550000	3	3
IM_180	11	83550001	85920000	3	2
IM_180	11	85920001	86070000	3	2
IM_180	11	86070001	86940000	3	3
IM_180	11	86940001	86970000	3	3
IM_180	11	86970001	94500000	3	2
IM_180	11	94500001	94680000	3	3
IM_180	11	94680001	96180000	3	3
IM_180	11	96180001	97830000	3	2
IM_180	11	97830001	111660000	3	2
IM_180	11	111660001	112920000	3	3
IM_180	11	112920001	121140000	3	2
IM_180	11	121140001	122640000	3	3
IM_180	11	122640001	130800000	3	2
IM_180	11	130800001	132990000	3	2
IM_180	11	132990001	134940000	3	2
IM_180	12	180001	2130000	4	3
IM_180	12	2130001	5280000	4	3
IM_180	12	5280001	59730000	4	3
IM_180	12	59730001	112890000	4	3
IM_180	12	112890001	113490000	4	2
IM_180	12	113520001	113880000	4	3
IM_180	12	113880001	116340000	4	2
IM_180	12	116340001	118830000	4	3
IM_180	12	118830001	120030000	4	2
IM_180	12	120030001	126210000	4	3
IM_180	12	126210001	130530000	4	2
IM_180	12	130530001	133830000	4	3
IM_180	13	19530001	20430000	2	0
IM_180	13	20460001	44430000	3	2
IM_180	13	44430001	45210000	3	2
IM_180	13	45210001	63600000	3	2
IM_180	13	63600001	63630000	4	3
IM_180	13	63660001	72090000	4	3
IM_180	13	72090001	72450000	4	4
IM_180	13	72450001	107850000	4	3
IM_180	13	107850001	110430000	4	2
IM_180	13	110460001	111960000	4	3
IM_180	13	111960001	113640000	4	2
IM_180	13	113640001	115110000	4	3
IM_180	14	20190001	20280000	4	7
IM_180	14	20460001	22440000	4	3
IM_180	14	22440001	34860000	4	3
IM_180	14	34860001	36390000	5	3
IM_180	14	36390001	62430000	5	3
IM_180	14	62430001	63840000	5	2
IM_180	14	63840001	64980000	5	3
IM_180	14	64980001	66060000	5	4
IM_180	14	66060001	68370000	5	3
IM_180	14	68370001	69150000	5	5
IM_180	14	69150001	70200000	5	3
IM_180	14	70200001	97350000	5	3
IM_180	14	97350001	100440000	5	2
IM_180	14	100440001	101010000	5	3
IM_180	14	101010001	102210000	5	2
IM_180	14	102210001	105120000	5	3
IM_180	14	105120001	107310000	5	3
IM_180	15	22320001	86340000	3	2
IM_180	15	86340001	101850000	3	2
IM_180	15	101850001	102390000	3	2
IM_180	16	90001	870000	5	3
IM_180	16	870001	1440000	5	2
IM_180	16	1440001	5010000	5	3
IM_180	16	5010001	7380000	5	2
IM_180	16	7380001	31950000	5	3
IM_180	16	34230001	35100000	5	3
IM_180	16	35100001	48030000	5	3
IM_180	16	48030001	48150000	5	3
IM_180	16	48150001	49800000	5	3
IM_180	16	49800001	51750000	5	3
IM_180	16	51750001	53490000	5	3
IM_180	16	53490001	54660000	5	3
IM_180	16	54660001	55680000	5	3
IM_180	16	55680001	56400000	5	3
IM_180	16	56400001	61980000	5	3
IM_180	16	61980001	64140000	5	2
IM_180	16	64140001	64200000	5	3
IM_180	16	64200001	65670000	5	3
IM_180	16	65670001	66240000	5	4
IM_180	16	66240001	71250000	6	4
IM_180	16	71250001	73080000	5	4
IM_180	16	73110001	78090000	5	3
IM_180	16	78090001	80100000	5	3
IM_180	16	80100001	80280000	5	3
IM_180	16	80280001	89280000	5	3
IM_180	16	89280001	90150000	5	4
IM_180	17	1	2670000	3	2
IM_180	17	2670001	3690000	3	2
IM_180	17	3690001	5490000	3	2
IM_180	17	5490001	6300000	3	1
IM_180	17	6300001	9630000	3	2
IM_180	17	9630001	11880000	3	2
IM_180	17	11880001	28230000	3	2
IM_180	17	28230001	31350000	3	2
IM_180	17	31350001	31740000	3	2
IM_180	17	31740001	32880000	3	2
IM_180	17	32880001	33960000	3	2
IM_180	17	33960001	46560000	3	2
IM_180	17	46560001	81090000	3	2
IM_180	18	150001	11910000	3	2
IM_180	18	11910001	39690000	3	2
IM_180	18	39690001	40200000	3	2
IM_180	18	40200001	47550000	3	2
IM_180	18	47550001	75000000	3	2
IM_180	18	75000001	76800000	3	2
IM_180	18	76800001	78030000	3	2
IM_180	19	270001	11970000	4	2
IM_180	19	11970001	12240000	6	7
IM_180	19	12240001	12270000	9	7
IM_180	19	12270001	13560000	9	7
IM_180	19	13560001	13830000	15	7
IM_180	19	13830001	14700000	15	12
IM_180	19	14700001	15540000	15	9
IM_180	19	15540001	15990000	10	7
IM_180	19	15990001	16110000	10	9
IM_180	19	16110001	16140000	10	9
IM_180	19	16140001	17010000	12	9
IM_180	19	17010001	20160000	10	7
IM_180	19	20160001	20190000	5	7
IM_180	19	20280001	24300000	5	3
IM_180	19	24330001	24360000	4	3
IM_180	19	28320001	31830000	4	2
IM_180	19	31860001	36150000	4	2
IM_180	19	36150001	41490000	4	2
IM_180	19	41490001	48120000	4	2
IM_180	19	48120001	48750000	4	1
IM_180	19	48780001	56280000	4	2
IM_180	19	56280001	56370000	4	2
IM_180	19	56370001	56400000	4	1
IM_180	19	56400001	57450000	2	1
IM_180	19	57450001	57480000	2	1
IM_180	19	57480001	57600000	3	1
IM_180	19	57600001	58200000	3	2
IM_180	19	58200001	58230000	3	1
IM_180	19	58230001	58830000	3	1
IM_180	19	58830001	58860000	3	3
IM_180	19	58860001	59100000	4	3
IM_180	20	60001	26160000	6	4
IM_180	20	29850001	40380000	6	4
IM_180	20	40380001	42540000	6	3
IM_180	20	42540001	46290000	6	4
IM_180	20	46290001	46350000	6	3
IM_180	20	46350001	47250000	5	3
IM_180	20	47250001	48690000	5	4
IM_180	20	48690001	49440000	5	5
IM_180	20	49440001	50220000	5	4
IM_180	20	50220001	52200000	5	3
IM_180	20	52230001	52530000	5	4
IM_180	20	52530001	53580000	5	3
IM_180	20	53580001	54000000	5	5
IM_180	20	54000001	60690000	5	3
IM_180	20	60690001	62910000	5	4
IM_180	21	15480001	30810000	4	3
IM_180	21	30810001	38970000	4	3
IM_180	21	38970001	39510000	4	2
IM_180	21	39510001	41580000	4	3
IM_180	21	41580001	42510000	4	2
IM_180	21	42510001	45240000	4	4
IM_180	21	45240001	48090000	4	3
IM_180	22	17280001	51180000	3	1
IM_182	1	840001	3870000	2	4
IM_182	1	3990001	5940000	2	4
IM_182	1	5940001	15750000	2	4
IM_182	1	15750001	16350000	2	4
IM_182	1	16350001	17550000	2	4
IM_182	1	17580001	19170000	2	4
IM_182	1	19170001	29640000	2	4
IM_182	1	29640001	31170000	2	4
IM_182	1	31170001	33990000	2	4
IM_182	1	33990001	35160000	2	4
IM_182	1	35160001	36990000	2	4
IM_182	1	36990001	39480000	2	4
IM_182	1	39480001	58950000	2	4
IM_182	1	58950001	60330000	2	4
IM_182	1	60330001	93900000	2	4
IM_182	1	93900001	95550000	2	4
IM_182	1	95550001	118290000	2	4
IM_182	1	118290001	118380000	3	4
IM_182	1	118380001	119850000	3	4
IM_182	1	119850001	120540000	3	4
IM_182	1	121200001	121260000	3	6
IM_182	1	121320001	151950000	3	6
IM_182	1	151950001	152040000	3	5
IM_182	1	152040001	153450000	3	5
IM_182	1	153450001	171180000	3	5
IM_182	1	171180001	173760000	3	5
IM_182	1	173760001	249210000	3	5
IM_182	2	30001	690000	3	6
IM_182	2	690001	7890000	3	6
IM_182	2	7890001	27570000	3	6
IM_182	2	27570001	29010000	3	6
IM_182	2	29010001	32100000	3	6
IM_182	2	32100001	32970000	3	7
IM_182	2	32970001	48870000	3	6
IM_182	2	48870001	52290000	3	6
IM_182	2	52290001	60810000	3	6
IM_182	2	60810001	63870000	4	6
IM_182	2	63870001	97560000	3	6
IM_182	2	97560001	99240000	3	4
IM_182	2	99240001	103680000	3	4
IM_182	2	103680001	104550000	3	4
IM_182	2	104550001	107220000	3	4
IM_182	2	107220001	108750000	3	4
IM_182	2	108750001	115620000	3	4
IM_182	2	115620001	118350000	3	5
IM_182	2	118350001	125310000	3	3
IM_182	2	125310001	125370000	3	4
IM_182	2	125370001	127620000	4	4
IM_182	2	127620001	141060000	4	4
IM_182	2	141060001	201660000	4	6
IM_182	2	201660001	203070000	5	6
IM_182	2	203070001	204240000	5	7
IM_182	2	204240001	204300000	5	5
IM_182	2	204300001	226890000	4	5
IM_182	2	226890001	227790000	4	5
IM_182	2	227790001	228780000	4	5
IM_182	2	228780001	230490000	4	5
IM_182	2	230490001	241290000	4	5
IM_182	2	241290001	241320000	3	5
IM_182	2	241320001	243000000	3	4
IM_182	3	90001	46560000	3	4
IM_182	3	46560001	51600000	4	4
IM_182	3	51600001	70650000	3	4
IM_182	3	70650001	76860000	3	5
IM_182	3	76860001	90210000	3	4
IM_182	3	93540001	112950000	3	5
IM_182	3	112950001	114330000	3	13
IM_182	3	114330001	114990000	3	10
IM_182	3	114990001	115410000	3	9
IM_182	3	115410001	116340000	3	7
IM_182	3	116340001	121020000	3	6
IM_182	3	121020001	135810000	3	4
IM_182	3	135810001	136650000	3	4
IM_182	3	136650001	166230000	3	3
IM_182	3	166230001	187440000	3	4
IM_182	3	187440001	190800000	3	4
IM_182	3	190800001	193320000	3	4
IM_182	3	193320001	195960000	3	4
IM_182	3	195960001	197820000	3	4
IM_182	4	90001	39540000	2	4
IM_182	4	39540001	40110000	3	4
IM_182	4	40110001	107820000	2	4
IM_182	4	107820001	124320000	2	3
IM_182	4	124320001	125190000	2	3
IM_182	4	125190001	158220000	2	3
IM_182	4	158220001	184740000	2	3
IM_182	4	184740001	190800000	1	3
IM_182	5	60001	1200000	2	3
IM_182	5	1200001	5130000	2	3
IM_182	5	5130001	5520000	2	3
IM_182	5	5520001	45900000	2	3
IM_182	5	49560001	113730000	2	3
IM_182	5	113730001	122730000	2	3
IM_182	5	122730001	125040000	2	3
IM_182	5	125040001	173040000	2	3
IM_182	5	173040001	173460000	2	3
IM_182	5	173460001	175230000	2	3
IM_182	5	175230001	178560000	2	3
IM_182	5	178560001	179010000	2	3
IM_182	5	179010001	180690000	2	3
IM_182	6	210001	39390000	2	5
IM_182	6	39390001	40920000	2	3
IM_182	6	40920001	41220000	2	4
IM_182	6	41220001	45450000	2	5
IM_182	6	45450001	62400000	2	4
IM_182	6	62400001	62670000	2	8
IM_182	6	62670001	160590000	2	3
IM_182	6	160590001	161160000	2	3
IM_182	6	161160001	170910000	3	4
IM_182	7	30001	13650000	3	5
IM_182	7	13650001	13710000	3	3
IM_182	7	13710001	13740000	3	3
IM_182	7	13740001	15300000	2	3
IM_182	7	15300001	15330000	3	3
IM_182	7	15330001	30120000	3	4
IM_182	7	30120001	30180000	3	4
IM_182	7	30180001	31830000	2	4
IM_182	7	31830001	31890000	3	4
IM_182	7	31890001	32430000	3	4
IM_182	7	32430001	46170000	3	4
IM_182	7	46170001	48150000	3	4
IM_182	7	48150001	115320000	3	4
IM_182	7	115320001	118530000	4	4
IM_182	7	118530001	127260000	4	6
IM_182	7	127260001	131340000	4	6
IM_182	7	131340001	132030000	4	6
IM_182	7	132030001	132060000	4	5
IM_182	7	132060001	132750000	3	5
IM_182	7	132750001	132870000	3	5
IM_182	7	132870001	132930000	4	5
IM_182	7	132930001	144180000	4	5
IM_182	7	144180001	148290000	4	5
IM_182	7	148290001	152370000	4	5
IM_182	7	152370001	157200000	4	5
IM_182	7	157200001	159120000	4	5
IM_182	8	180001	780000	3	2
IM_182	8	780001	1710000	3	2
IM_182	8	1710001	1830000	3	2
IM_182	8	1830001	2100000	3	3
IM_182	8	2100001	6210000	3	3
IM_182	8	6210001	16350000	3	3
IM_182	8	16350001	17970000	3	3
IM_182	8	17970001	34740000	3	3
IM_182	8	34740001	36300000	3	5
IM_182	8	36300001	37740000	3	4
IM_182	8	37740001	39630000	3	7
IM_182	8	39630001	40110000	3	6
IM_182	8	40110001	41790000	3	6
IM_182	8	41790001	42180000	3	6
IM_182	8	42180001	42960000	3	6
IM_182	8	42960001	47640000	3	6
IM_182	8	47820001	66600000	3	6
IM_182	8	66600001	87570000	3	6
IM_182	8	87570001	90630000	3	6
IM_182	8	90630001	136260000	3	6
IM_182	8	136260001	136740000	3	6
IM_182	8	136740001	136920000	2	6
IM_182	8	136920001	140760000	2	6
IM_182	8	140760001	142440000	2	6
IM_182	8	142440001	144660000	2	6
IM_182	8	144660001	146310000	2	6
IM_182	9	210001	2010000	3	4
IM_182	9	2010001	3690000	3	4
IM_182	9	3690001	4320000	3	4
IM_182	9	4320001	15420000	3	4
IM_182	9	15420001	16890000	3	4
IM_182	9	16890001	17520000	3	4
IM_182	9	17520001	18210000	3	4
IM_182	9	18210001	38190000	3	4
IM_182	9	38190001	38760000	3	4
IM_182	9	38760001	71250000	2	4
IM_182	9	71250001	131550000	2	4
IM_182	9	131550001	137340000	1	4
IM_182	9	137370001	137580000	1	4
IM_182	9	137580001	138270000	2	4
IM_182	9	138300001	141000000	2	4
IM_182	10	120001	1410000	3	5
IM_182	10	1410001	5400000	3	5
IM_182	10	5400001	6660000	3	5
IM_182	10	6660001	11490000	3	5
IM_182	10	11490001	33060000	3	5
IM_182	10	33060001	35370000	3	3
IM_182	10	35400001	35760000	3	10
IM_182	10	35760001	44550000	3	6
IM_182	10	44550001	45360000	3	6
IM_182	10	45360001	45510000	3	6
IM_182	10	45510001	46170000	3	6
IM_182	10	47580001	47700000	2	5
IM_182	10	48300001	50040000	2	5
IM_182	10	50040001	50070000	9	5
IM_182	10	50070001	52410000	9	11
IM_182	10	52530001	52590000	6	8
IM_182	10	52590001	54630000	6	8
IM_182	10	54630001	55140000	6	8
IM_182	10	55140001	57180000	6	8
IM_182	10	57180001	57210000	6	4
IM_182	10	57210001	57330000	6	4
IM_182	10	57360001	57390000	6	4
IM_182	10	57390001	57840000	6	7
IM_182	10	57840001	63750000	2	4
IM_182	10	63750001	63870000	2	4
IM_182	10	63870001	64260000	3	6
IM_182	10	64260001	64980000	2	4
IM_182	10	64980001	65340000	2	4
IM_182	10	65340001	83130000	2	4
IM_182	10	83130001	84330000	2	4
IM_182	10	84330001	85350000	6	7
IM_182	10	85350001	85650000	5	7
IM_182	10	85650001	86880000	5	6
IM_182	10	86880001	88140000	5	6
IM_182	10	88140001	88200000	5	7
IM_182	10	88200001	90630000	5	7
IM_182	10	90630001	110670000	2	4
IM_182	10	110670001	119940000	2	4
IM_182	10	119970001	121080000	2	4
IM_182	10	121080001	125250000	2	5
IM_182	10	125250001	127740000	2	6
IM_182	10	127740001	127890000	2	6
IM_182	10	127890001	130830000	2	2
IM_182	10	130830001	131550000	2	2
IM_182	10	131550001	133920000	2	2
IM_182	10	133920001	135420000	2	2
IM_182	11	210001	1410000	4	5
IM_182	11	1410001	13440000	2	4
IM_182	11	13440001	13590000	3	4
IM_182	11	13590001	14460000	3	4
IM_182	11	14460001	15630000	5	7
IM_182	11	15630001	16620000	5	7
IM_182	11	16620001	20550000	5	7
IM_182	11	20550001	20850000	5	7
IM_182	11	20850001	22620000	3	4
IM_182	11	22620001	22890000	3	4
IM_182	11	22890001	26490000	3	4
IM_182	11	26490001	27540000	3	4
IM_182	11	27540001	27570000	2	4
IM_182	11	27570001	30270000	2	4
IM_182	11	30270001	31380000	2	4
IM_182	11	31380001	31500000	2	4
IM_182	11	31500001	31590000	2	5
IM_182	11	31590001	34740000	3	5
IM_182	11	34740001	36960000	3	5
IM_182	11	36960001	38430000	3	5
IM_182	11	38460001	38490000	3	5
IM_182	11	38490001	38520000	3	3
IM_182	11	38520001	46950000	2	3
IM_182	11	46950001	47130000	2	3
IM_182	11	47160001	59520000	2	5
IM_182	11	59520001	60570000	2	3
IM_182	11	60570001	79440000	2	3
IM_182	11	79440001	81540000	2	3
IM_182	11	81540001	83550000	2	3
IM_182	11	83550001	85920000	2	3
IM_182	11	85920001	86070000	2	5
IM_182	11	86070001	86940000	2	5
IM_182	11	86940001	86970000	2	3
IM_182	11	86970001	94500000	2	3
IM_182	11	94500001	94680000	2	3
IM_182	11	94680001	96180000	2	3
IM_182	11	96180001	97830000	2	3
IM_182	11	97830001	111660000	2	3
IM_182	11	111660001	112920000	2	3
IM_182	11	112920001	121140000	2	3
IM_182	11	121140001	122640000	2	3
IM_182	11	122640001	130800000	2	3
IM_182	11	130800001	132990000	2	3
IM_182	11	132990001	134940000	2	3
IM_182	12	180001	2130000	3	4
IM_182	12	2130001	5280000	3	4
IM_182	12	5280001	59730000	3	4
IM_182	12	59730001	112890000	3	4
IM_182	12	112890001	113490000	3	4
IM_182	12	113520001	113880000	3	4
IM_182	12	113880001	116340000	3	4
IM_182	12	116340001	118830000	3	4
IM_182	12	118830001	120030000	3	4
IM_182	12	120030001	126210000	3	4
IM_182	12	126210001	130530000	3	4
IM_182	12	130530001	133830000	3	4
IM_182	13	19530001	20430000	0	1
IM_182	13	20460001	44430000	1	4
IM_182	13	44430001	45210000	1	4
IM_182	13	45210001	63600000	1	4
IM_182	13	63600001	63630000	2	4
IM_182	13	63660001	72090000	2	4
IM_182	13	72090001	72450000	2	4
IM_182	13	72450001	107850000	2	4
IM_182	13	107850001	110430000	2	4
IM_182	13	110460001	111960000	2	4
IM_182	13	111960001	113640000	2	4
IM_182	13	113640001	115110000	2	4
IM_182	14	20190001	20280000	3	5
IM_182	14	20460001	22440000	3	5
IM_182	14	22440001	34860000	3	4
IM_182	14	34860001	36390000	4	4
IM_182	14	36390001	62430000	3	4
IM_182	14	62430001	63840000	3	4
IM_182	14	63840001	64980000	3	4
IM_182	14	64980001	66060000	3	4
IM_182	14	66060001	68370000	3	4
IM_182	14	68370001	69150000	3	4
IM_182	14	69150001	70200000	3	4
IM_182	14	70200001	97350000	3	4
IM_182	14	97350001	100440000	3	4
IM_182	14	100440001	101010000	3	4
IM_182	14	101010001	102210000	3	4
IM_182	14	102210001	105120000	3	4
IM_182	14	105120001	107310000	3	4
IM_182	15	22320001	86340000	2	4
IM_182	15	86340001	101850000	2	4
IM_182	15	101850001	102390000	2	4
IM_182	16	90001	870000	3	6
IM_182	16	870001	1440000	3	6
IM_182	16	1440001	5010000	3	6
IM_182	16	5010001	7380000	3	6
IM_182	16	7380001	31950000	3	6
IM_182	16	34230001	35100000	3	3
IM_182	16	35100001	48030000	3	6
IM_182	16	48030001	48150000	3	3
IM_182	16	48150001	49800000	3	5
IM_182	16	49800001	51750000	3	6
IM_182	16	51750001	53490000	3	9
IM_182	16	53490001	54660000	3	7
IM_182	16	54660001	55680000	3	4
IM_182	16	55680001	56400000	3	6
IM_182	16	56400001	61980000	3	3
IM_182	16	61980001	64140000	3	3
IM_182	16	64140001	64200000	3	3
IM_182	16	64200001	65670000	3	5
IM_182	16	65670001	66240000	3	5
IM_182	16	66240001	71250000	4	5
IM_182	16	71250001	73080000	4	5
IM_182	16	73110001	78090000	4	5
IM_182	16	78090001	80100000	4	8
IM_182	16	80100001	80280000	4	5
IM_182	16	80280001	89280000	4	6
IM_182	16	89280001	90150000	4	6
IM_182	17	1	2670000	2	4
IM_182	17	2670001	3690000	2	4
IM_182	17	3690001	5490000	2	4
IM_182	17	5490001	6300000	2	4
IM_182	17	6300001	9630000	2	4
IM_182	17	9630001	11880000	2	4
IM_182	17	11880001	28230000	2	4
IM_182	17	28230001	31350000	1	4
IM_182	17	31350001	31740000	1	4
IM_182	17	31740001	32880000	2	4
IM_182	17	32880001	33960000	2	4
IM_182	17	33960001	46560000	1	4
IM_182	17	46560001	81090000	2	4
IM_182	18	150001	11910000	2	4
IM_182	18	11910001	39690000	2	4
IM_182	18	39690001	40200000	2	4
IM_182	18	40200001	47550000	2	3
IM_182	18	47550001	75000000	2	3
IM_182	18	75000001	76800000	2	3
IM_182	18	76800001	78030000	2	3
IM_182	19	270001	11970000	2	4
IM_182	19	11970001	12240000	5	7
IM_182	19	12240001	12270000	8	7
IM_182	19	12270001	13560000	8	9
IM_182	19	13560001	13830000	13	15
IM_182	19	13830001	14700000	13	15
IM_182	19	14700001	15540000	13	15
IM_182	19	15540001	15990000	8	9
IM_182	19	15990001	16110000	8	9
IM_182	19	16110001	16140000	8	12
IM_182	19	16140001	17010000	11	12
IM_182	19	17010001	20160000	8	9
IM_182	19	20160001	20190000	3	9
IM_182	19	20280001	24300000	3	4
IM_182	19	24330001	24360000	2	4
IM_182	19	28320001	31830000	2	4
IM_182	19	31860001	36150000	2	3
IM_182	19	36150001	41490000	2	5
IM_182	19	41490001	48120000	2	3
IM_182	19	48120001	48750000	2	3
IM_182	19	48780001	56280000	2	3
IM_182	19	56280001	56370000	2	2
IM_182	19	56370001	56400000	2	2
IM_182	19	56400001	57450000	1	2
IM_182	19	57450001	57480000	1	4
IM_182	19	57480001	57600000	2	4
IM_182	19	57600001	58200000	2	4
IM_182	19	58200001	58230000	1	4
IM_182	19	58230001	58830000	1	3
IM_182	19	58830001	58860000	1	3
IM_182	19	58860001	59100000	2	3
IM_182	20	60001	26160000	4	4
IM_182	20	29850001	40380000	4	5
IM_182	20	40380001	42540000	4	5
IM_182	20	42540001	46290000	4	5
IM_182	20	46290001	46350000	4	5
IM_182	20	46350001	47250000	3	5
IM_182	20	47250001	48690000	4	5
IM_182	20	48690001	49440000	4	5
IM_182	20	49440001	50220000	4	5
IM_182	20	50220001	52200000	4	5
IM_182	20	52230001	52530000	4	5
IM_182	20	52530001	53580000	4	5
IM_182	20	53580001	54000000	4	5
IM_182	20	54000001	60690000	4	5
IM_182	20	60690001	62910000	4	5
IM_182	21	15480001	30810000	3	5
IM_182	21	30810001	38970000	3	5
IM_182	21	38970001	39510000	3	5
IM_182	21	39510001	41580000	3	5
IM_182	21	41580001	42510000	3	5
IM_182	21	42510001	45240000	3	5
IM_182	21	45240001	48090000	3	5
IM_182	22	17280001	51180000	1	3
IM_229	1	840001	3870000	2	3
IM_229	1	3990001	5940000	2	3
IM_229	1	5940001	15750000	2	4
IM_229	1	15750001	16350000	3	4
IM_229	1	16350001	17550000	2	4
IM_229	1	17580001	19170000	2	3
IM_229	1	19170001	29640000	2	4
IM_229	1	29640001	31170000	2	3
IM_229	1	31170001	33990000	2	4
IM_229	1	33990001	35160000	2	3
IM_229	1	35160001	36990000	2	4
IM_229	1	36990001	39480000	2	3
IM_229	1	39480001	58950000	2	4
IM_229	1	58950001	60330000	2	5
IM_229	1	60330001	93900000	2	3
IM_229	1	93900001	95550000	2	4
IM_229	1	95550001	118290000	2	4
IM_229	1	118290001	118380000	2	4
IM_229	1	118380001	119850000	3	4
IM_229	1	119850001	120540000	2	4
IM_229	1	121200001	121260000	4	4
IM_229	1	121320001	151950000	4	5
IM_229	1	151950001	152040000	3	5
IM_229	1	152040001	153450000	3	4
IM_229	1	153450001	171180000	4	4
IM_229	1	171180001	173760000	4	5
IM_229	1	173760001	249210000	4	4
IM_229	2	30001	690000	4	6
IM_229	2	690001	7890000	4	5
IM_229	2	7890001	27570000	4	6
IM_229	2	27570001	29010000	4	7
IM_229	2	29010001	32100000	4	5
IM_229	2	32100001	32970000	5	5
IM_229	2	32970001	48870000	4	5
IM_229	2	48870001	52290000	4	5
IM_229	2	52290001	60810000	4	6
IM_229	2	60810001	63870000	4	6
IM_229	2	63870001	97560000	4	6
IM_229	2	97560001	99240000	3	6
IM_229	2	99240001	103680000	3	5
IM_229	2	103680001	104550000	3	4
IM_229	2	104550001	107220000	3	4
IM_229	2	107220001	108750000	3	4
IM_229	2	108750001	115620000	3	4
IM_229	2	115620001	118350000	3	4
IM_229	2	118350001	125310000	2	4
IM_229	2	125310001	125370000	3	4
IM_229	2	125370001	127620000	3	4
IM_229	2	127620001	141060000	3	6
IM_229	2	141060001	201660000	4	6
IM_229	2	201660001	203070000	4	6
IM_229	2	203070001	204240000	5	6
IM_229	2	204240001	204300000	4	6
IM_229	2	204300001	226890000	4	6
IM_229	2	226890001	227790000	4	6
IM_229	2	227790001	228780000	4	5
IM_229	2	228780001	230490000	4	5
IM_229	2	230490001	241290000	4	5
IM_229	2	241290001	241320000	4	5
IM_229	2	241320001	243000000	3	5
IM_229	3	90001	46560000	2	4
IM_229	3	46560001	51600000	2	4
IM_229	3	51600001	70650000	2	4
IM_229	3	70650001	76860000	3	4
IM_229	3	76860001	90210000	2	4
IM_229	3	93540001	112950000	3	4
IM_229	3	112950001	114330000	11	4
IM_229	3	114330001	114990000	9	4
IM_229	3	114990001	115410000	8	4
IM_229	3	115410001	116340000	5	4
IM_229	3	116340001	121020000	4	4
IM_229	3	121020001	135810000	2	4
IM_229	3	135810001	136650000	3	4
IM_229	3	136650001	166230000	2	4
IM_229	3	166230001	187440000	3	4
IM_229	3	187440001	190800000	3	5
IM_229	3	190800001	193320000	3	4
IM_229	3	193320001	195960000	3	5
IM_229	3	195960001	197820000	3	5
IM_229	4	90001	39540000	2	4
IM_229	4	39540001	40110000	2	4
IM_229	4	40110001	107820000	2	4
IM_229	4	107820001	124320000	1	4
IM_229	4	124320001	125190000	1	5
IM_229	4	125190001	158220000	1	4
IM_229	4	158220001	184740000	2	4
IM_229	4	184740001	190800000	2	3
IM_229	5	60001	1200000	2	4
IM_229	5	1200001	5130000	2	4
IM_229	5	5130001	5520000	2	6
IM_229	5	5520001	45900000	2	3
IM_229	5	49560001	113730000	1	3
IM_229	5	113730001	122730000	2	3
IM_229	5	122730001	125040000	2	4
IM_229	5	125040001	173040000	2	3
IM_229	5	173040001	173460000	2	5
IM_229	5	173460001	175230000	2	3
IM_229	5	175230001	178560000	2	3
IM_229	5	178560001	179010000	2	3
IM_229	5	179010001	180690000	2	4
IM_229	6	210001	39390000	3	4
IM_229	6	39390001	40920000	2	4
IM_229	6	40920001	41220000	3	4
IM_229	6	41220001	45450000	4	4
IM_229	6	45450001	62400000	3	4
IM_229	6	62400001	62670000	6	4
IM_229	6	62670001	160590000	2	4
IM_229	6	160590001	161160000	2	5
IM_229	6	161160001	170910000	3	5
IM_229	7	30001	13650000	3	4
IM_229	7	13650001	13710000	2	4
IM_229	7	13710001	13740000	2	3
IM_229	7	13740001	15300000	2	3
IM_229	7	15300001	15330000	2	5
IM_229	7	15330001	30120000	3	5
IM_229	7	30120001	30180000	3	4
IM_229	7	30180001	31830000	2	4
IM_229	7	31830001	31890000	2	4
IM_229	7	31890001	32430000	3	4
IM_229	7	32430001	46170000	3	4
IM_229	7	46170001	48150000	3	5
IM_229	7	48150001	115320000	3	4
IM_229	7	115320001	118530000	3	6
IM_229	7	118530001	127260000	4	6
IM_229	7	127260001	131340000	4	6
IM_229	7	131340001	132030000	4	5
IM_229	7	132030001	132060000	3	5
IM_229	7	132060001	132750000	3	4
IM_229	7	132750001	132870000	4	4
IM_229	7	132870001	132930000	4	4
IM_229	7	132930001	144180000	4	6
IM_229	7	144180001	148290000	4	5
IM_229	7	148290001	152370000	4	5
IM_229	7	152370001	157200000	4	5
IM_229	7	157200001	159120000	3	5
IM_229	8	180001	780000	1	5
IM_229	8	780001	1710000	1	5
IM_229	8	1710001	1830000	1	5
IM_229	8	1830001	2100000	1	5
IM_229	8	2100001	6210000	1	4
IM_229	8	6210001	16350000	1	4
IM_229	8	16350001	17970000	1	5
IM_229	8	17970001	34740000	1	5
IM_229	8	34740001	36300000	4	5
IM_229	8	36300001	37740000	3	5
IM_229	8	37740001	39630000	6	5
IM_229	8	39630001	40110000	5	5
IM_229	8	40110001	41790000	5	4
IM_229	8	41790001	42180000	5	5
IM_229	8	42180001	42960000	4	5
IM_229	8	42960001	47640000	4	4
IM_229	8	47820001	66600000	4	4
IM_229	8	66600001	87570000	4	5
IM_229	8	87570001	90630000	4	4
IM_229	8	90630001	136260000	4	5
IM_229	8	136260001	136740000	4	4
IM_229	8	136740001	136920000	4	4
IM_229	8	136920001	140760000	4	3
IM_229	8	140760001	142440000	4	4
IM_229	8	142440001	144660000	4	3
IM_229	8	144660001	146310000	4	4
IM_229	9	210001	2010000	3	4
IM_229	9	2010001	3690000	3	5
IM_229	9	3690001	4320000	3	6
IM_229	9	4320001	15420000	3	5
IM_229	9	15420001	16890000	3	5
IM_229	9	16890001	17520000	3	5
IM_229	9	17520001	18210000	3	4
IM_229	9	18210001	38190000	3	5
IM_229	9	38190001	38760000	2	5
IM_229	9	38760001	71250000	2	5
IM_229	9	71250001	131550000	2	3
IM_229	9	131550001	137340000	2	3
IM_229	9	137370001	137580000	2	2
IM_229	9	137580001	138270000	2	2
IM_229	9	138300001	141000000	2	3
IM_229	10	120001	1410000	3	5
IM_229	10	1410001	5400000	3	4
IM_229	10	5400001	6660000	3	5
IM_229	10	6660001	11490000	3	4
IM_229	10	11490001	33060000	3	4
IM_229	10	33060001	35370000	2	4
IM_229	10	35400001	35760000	8	4
IM_229	10	35760001	44550000	5	4
IM_229	10	44550001	45360000	5	6
IM_229	10	45360001	45510000	5	7
IM_229	10	45510001	46170000	5	5
IM_229	10	47580001	47700000	3	5
IM_229	10	48300001	50040000	3	4
IM_229	10	50040001	50070000	3	10
IM_229	10	50070001	52410000	9	10
IM_229	10	52530001	52590000	6	10
IM_229	10	52590001	54630000	6	7
IM_229	10	54630001	55140000	6	9
IM_229	10	55140001	57180000	6	7
IM_229	10	57180001	57210000	2	7
IM_229	10	57210001	57330000	2	3
IM_229	10	57360001	57390000	2	8
IM_229	10	57390001	57840000	6	8
IM_229	10	57840001	63750000	2	4
IM_229	10	63750001	63870000	2	5
IM_229	10	63870001	64260000	4	5
IM_229	10	64260001	64980000	2	3
IM_229	10	64980001	65340000	2	4
IM_229	10	65340001	83130000	2	4
IM_229	10	83130001	84330000	2	3
IM_229	10	84330001	85350000	6	7
IM_229	10	85350001	85650000	6	7
IM_229	10	85650001	86880000	5	7
IM_229	10	86880001	88140000	5	6
IM_229	10	88140001	88200000	5	6
IM_229	10	88200001	90630000	5	7
IM_229	10	90630001	110670000	2	4
IM_229	10	110670001	119940000	3	4
IM_229	10	119970001	121080000	2	4
IM_229	10	121080001	125250000	3	4
IM_229	10	125250001	127740000	4	4
IM_229	10	127740001	127890000	4	3
IM_229	10	127890001	130830000	1	3
IM_229	10	130830001	131550000	1	4
IM_229	10	131550001	133920000	1	3
IM_229	10	133920001	135420000	1	3
IM_229	11	210001	1410000	4	6
IM_229	11	1410001	13440000	2	3
IM_229	11	13440001	13590000	3	3
IM_229	11	13590001	14460000	3	5
IM_229	11	14460001	15630000	5	7
IM_229	11	15630001	16620000	5	9
IM_229	11	16620001	20550000	5	6
IM_229	11	20550001	20850000	5	5
IM_229	11	20850001	22620000	3	5
IM_229	11	22620001	22890000	3	6
IM_229	11	22890001	26490000	3	4
IM_229	11	26490001	27540000	3	5
IM_229	11	27540001	27570000	3	3
IM_229	11	27570001	30270000	2	3
IM_229	11	30270001	31380000	2	4
IM_229	11	31380001	31500000	2	5
IM_229	11	31500001	31590000	3	5
IM_229	11	31590001	34740000	3	5
IM_229	11	34740001	36960000	3	5
IM_229	11	36960001	38430000	3	5
IM_229	11	38460001	38490000	3	3
IM_229	11	38490001	38520000	2	3
IM_229	11	38520001	46950000	2	3
IM_229	11	46950001	47130000	2	4
IM_229	11	47160001	59520000	3	4
IM_229	11	59520001	60570000	2	4
IM_229	11	60570001	79440000	2	5
IM_229	11	79440001	81540000	2	3
IM_229	11	81540001	83550000	2	4
IM_229	11	83550001	85920000	2	4
IM_229	11	85920001	86070000	3	4
IM_229	11	86070001	86940000	3	4
IM_229	11	86940001	86970000	2	4
IM_229	11	86970001	94500000	2	3
IM_229	11	94500001	94680000	2	4
IM_229	11	94680001	96180000	1	4
IM_229	11	96180001	97830000	1	3
IM_229	11	97830001	111660000	2	3
IM_229	11	111660001	112920000	2	4
IM_229	11	112920001	121140000	2	3
IM_229	11	121140001	122640000	2	5
IM_229	11	122640001	130800000	2	4
IM_229	11	130800001	132990000	2	3
IM_229	11	132990001	134940000	2	4
IM_229	12	180001	2130000	3	5
IM_229	12	2130001	5280000	3	4
IM_229	12	5280001	59730000	3	5
IM_229	12	59730001	112890000	3	4
IM_229	12	112890001	113490000	3	4
IM_229	12	113520001	113880000	3	5
IM_229	12	113880001	116340000	3	3
IM_229	12	116340001	118830000	3	5
IM_229	12	118830001	120030000	3	3
IM_229	12	120030001	126210000	3	5
IM_229	12	126210001	130530000	3	4
IM_229	12	130530001	133830000	3	4
IM_229	13	19530001	20430000	0	1
IM_229	13	20460001	44430000	2	3
IM_229	13	44430001	45210000	2	4
IM_229	13	45210001	63600000	2	3
IM_229	13	63600001	63630000	2	4
IM_229	13	63660001	72090000	3	4
IM_229	13	72090001	72450000	3	6
IM_229	13	72450001	107850000	3	5
IM_229	13	107850001	110430000	3	3
IM_229	13	110460001	111960000	3	4
IM_229	13	111960001	113640000	3	4
IM_229	13	113640001	115110000	3	5
IM_229	14	20190001	20280000	3	9
IM_229	14	20460001	22440000	3	4
IM_229	14	22440001	34860000	2	4
IM_229	14	34860001	36390000	2	4
IM_229	14	36390001	62430000	2	4
IM_229	14	62430001	63840000	2	4
IM_229	14	63840001	64980000	2	5
IM_229	14	64980001	66060000	2	5
IM_229	14	66060001	68370000	2	5
IM_229	14	68370001	69150000	2	6
IM_229	14	69150001	70200000	2	5
IM_229	14	70200001	97350000	2	4
IM_229	14	97350001	100440000	2	4
IM_229	14	100440001	101010000	2	5
IM_229	14	101010001	102210000	2	4
IM_229	14	102210001	105120000	2	4
IM_229	14	105120001	107310000	2	5
IM_229	15	22320001	86340000	2	4
IM_229	15	86340001	101850000	2	3
IM_229	15	101850001	102390000	2	4
IM_229	16	90001	870000	4	5
IM_229	16	870001	1440000	4	3
IM_229	16	1440001	5010000	4	5
IM_229	16	5010001	7380000	4	4
IM_229	16	7380001	31950000	4	5
IM_229	16	34230001	35100000	2	5
IM_229	16	35100001	48030000	4	5
IM_229	16	48030001	48150000	2	5
IM_229	16	48150001	49800000	4	5
IM_229	16	49800001	51750000	5	5
IM_229	16	51750001	53490000	7	5
IM_229	16	53490001	54660000	5	5
IM_229	16	54660001	55680000	3	5
IM_229	16	55680001	56400000	5	5
IM_229	16	56400001	61980000	2	5
IM_229	16	61980001	64140000	2	4
IM_229	16	64140001	64200000	2	5
IM_229	16	64200001	65670000	3	5
IM_229	16	65670001	66240000	3	6
IM_229	16	66240001	71250000	3	6
IM_229	16	71250001	73080000	3	6
IM_229	16	73110001	78090000	3	5
IM_229	16	78090001	80100000	6	5
IM_229	16	80100001	80280000	4	5
IM_229	16	80280001	89280000	5	5
IM_229	16	89280001	90150000	5	6
IM_229	17	1	2670000	2	4
IM_229	17	2670001	3690000	2	3
IM_229	17	3690001	5490000	2	4
IM_229	17	5490001	6300000	2	3
IM_229	17	6300001	9630000	2	4
IM_229	17	9630001	11880000	2	3
IM_229	17	11880001	28230000	2	4
IM_229	17	28230001	31350000	2	4
IM_229	17	31350001	31740000	2	3
IM_229	17	31740001	32880000	2	3
IM_229	17	32880001	33960000	2	4
IM_229	17	33960001	46560000	2	4
IM_229	17	46560001	81090000	2	4
IM_229	18	150001	11910000	2	3
IM_229	18	11910001	39690000	2	4
IM_229	18	39690001	40200000	3	4
IM_229	18	40200001	47550000	2	4
IM_229	18	47550001	75000000	1	4
IM_229	18	75000001	76800000	1	3
IM_229	18	76800001	78030000	1	4
IM_229	19	270001	11970000	2	3
IM_229	19	11970001	12240000	5	8
IM_229	19	12240001	12270000	5	8
IM_229	19	12270001	13560000	8	8
IM_229	19	13560001	13830000	13	8
IM_229	19	13830001	14700000	13	13
IM_229	19	14700001	15540000	13	10
IM_229	19	15540001	15990000	8	8
IM_229	19	15990001	16110000	8	11
IM_229	19	16110001	16140000	11	11
IM_229	19	16140001	17010000	11	11
IM_229	19	17010001	20160000	8	8
IM_229	19	20160001	20190000	8	8
IM_229	19	20280001	24300000	3	5
IM_229	19	24330001	24360000	3	5
IM_229	19	28320001	31830000	3	3
IM_229	19	31860001	36150000	2	3
IM_229	19	36150001	41490000	3	3
IM_229	19	41490001	48120000	2	3
IM_229	19	48120001	48750000	2	3
IM_229	19	48780001	56280000	2	4
IM_229	19	56280001	56370000	1	4
IM_229	19	56370001	56400000	1	2
IM_229	19	56400001	57450000	1	2
IM_229	19	57450001	57480000	2	2
IM_229	19	57480001	57600000	2	2
IM_229	19	57600001	58200000	2	4
IM_229	19	58200001	58230000	2	3
IM_229	19	58230001	58830000	1	3
IM_229	19	58830001	58860000	1	4
IM_229	19	58860001	59100000	1	4
IM_229	20	60001	26160000	3	5
IM_229	20	29850001	40380000	4	5
IM_229	20	40380001	42540000	4	4
IM_229	20	42540001	46290000	4	6
IM_229	20	46290001	46350000	4	5
IM_229	20	46350001	47250000	4	5
IM_229	20	47250001	48690000	4	6
IM_229	20	48690001	49440000	4	6
IM_229	20	49440001	50220000	4	6
IM_229	20	50220001	52200000	4	4
IM_229	20	52230001	52530000	4	5
IM_229	20	52530001	53580000	4	5
IM_229	20	53580001	54000000	4	6
IM_229	20	54000001	60690000	4	5
IM_229	20	60690001	62910000	4	5
IM_229	21	15480001	30810000	3	5
IM_229	21	30810001	38970000	3	4
IM_229	21	38970001	39510000	3	4
IM_229	21	39510001	41580000	3	5
IM_229	21	41580001	42510000	3	4
IM_229	21	42510001	45240000	3	5
IM_229	21	45240001	48090000	3	4
IM_229	22	17280001	51180000	1	3
